2 0.390625 0.597917 0.025000 0.072917
2 0.577344 0.759375 0.029687 0.066667
2 0.248047 0.622917 0.027344 0.075000
2 0.324609 0.448958 0.022656 0.070833
2 0.755859 0.602604 0.025781 0.076042
2 0.721875 0.600521 0.023438 0.076042
2 0.662109 0.265104 0.016406 0.071875
2 0.675781 0.267188 0.018750 0.069792
2 0.303906 0.259375 0.021875 0.070833
2 0.608203 0.562500 0.019531 0.039583
2 0.335156 0.946354 0.043750 0.094792
2 0.575391 0.486458 0.017969 0.062500
2 0.389453 0.571875 0.021094 0.020833
1 0.305859 0.605729 0.122656 0.080208
2 0.721875 0.572917 0.020313 0.018750
1 0.530859 0.596875 0.080469 0.058333
2 0.171094 0.739062 0.032813 0.082292
1 0.778125 0.559375 0.056250 0.114583
2 0.303516 0.823958 0.057031 0.037500
2 0.380078 0.850000 0.032031 0.068750
2 0.391016 0.689583 0.022656 0.054167
1 0.717578 0.565625 0.061719 0.097917
2 0.848828 0.730729 0.024219 0.086458
2 0.628906 0.836979 0.132812 0.173958
2 0.252181 0.283814 0.023467 0.031289
2 0.547381 0.166836 0.026133 0.050489
2 0.168447 0.824259 0.059733 0.054044
2 0.106581 0.908525 0.038400 0.094578
2 0.296981 0.760970 0.059733 0.059733
2 0.314581 0.718303 0.046933 0.041244
2 0.463647 0.764525 0.044267 0.035556
2 0.524714 0.747103 0.032000 0.056178
2 0.835914 0.822836 0.022933 0.092444
2 0.627914 0.418925 0.038933 0.021333
1 0.178047 0.664259 0.069333 0.116622
