2 0.399609 0.553646 0.024219 0.057292
2 0.766797 0.573438 0.025781 0.082292
2 0.256250 0.586458 0.026562 0.075000
2 0.587500 0.731250 0.029687 0.077083
2 0.335547 0.413021 0.022656 0.071875
2 0.585547 0.455208 0.019531 0.064583
2 0.731641 0.571354 0.024219 0.078125
2 0.176953 0.703125 0.033594 0.079167
2 0.844141 0.798438 0.036719 0.096875
2 0.315625 0.222396 0.021875 0.069792
2 0.675781 0.234375 0.017188 0.070833
2 0.389453 0.816146 0.028906 0.069792
2 0.617969 0.546354 0.023438 0.073958
2 0.400000 0.651563 0.025000 0.051042
2 0.689063 0.236979 0.018750 0.069792
2 0.565625 0.137500 0.006250 0.045833
1 0.312891 0.566667 0.122656 0.079167
1 0.728125 0.535417 0.062500 0.093750
1 0.541797 0.563021 0.082031 0.055208
2 0.309375 0.787500 0.056250 0.037500
1 0.784766 0.544271 0.064844 0.088542
2 0.340234 0.911979 0.042969 0.096875
2 0.175836 0.785329 0.067961 0.051780
2 0.107875 0.872708 0.037756 0.099964
2 0.470604 0.732111 0.044768 0.031643
2 0.534790 0.708378 0.033981 0.048903
2 0.331715 0.686803 0.044229 0.035958
2 0.303398 0.723840 0.063107 0.061129
2 0.640237 0.824164 0.079827 0.081985
2 0.697950 0.754764 0.024811 0.059691
2 0.582794 0.679971 0.051241 0.019417
2 0.639159 0.383315 0.050701 0.021575
2 0.858954 0.704423 0.027508 0.079827
2 0.261597 0.241999 0.024811 0.030924
1 0.186624 0.628551 0.066882 0.133765
