0 0.333984 0.426563 0.021094 0.071875
0 0.255469 0.598958 0.026562 0.075000
0 0.764062 0.589583 0.026562 0.079167
0 0.729688 0.589583 0.025000 0.081250
0 0.584375 0.742188 0.029687 0.067708
0 0.585156 0.471354 0.020313 0.065625
0 0.615625 0.554167 0.017188 0.056250
0 0.689453 0.254688 0.021094 0.069792
0 0.675391 0.251042 0.016406 0.070833
0 0.566016 0.153125 0.007031 0.045833
0 0.317188 0.236458 0.021875 0.070833
1 0.726172 0.552604 0.061719 0.096875
0 0.398828 0.665104 0.024219 0.051042
0 0.173828 0.711458 0.030469 0.085417
1 0.312891 0.582292 0.122656 0.081250
0 0.337891 0.924479 0.042969 0.096875
0 0.384375 0.828646 0.032813 0.069792
0 0.389062 0.813021 0.023438 0.038542
1 0.790234 0.572917 0.047656 0.066667
0 0.839844 0.807292 0.042188 0.114583
0 0.168824 0.800791 0.063646 0.055376
0 0.105178 0.886372 0.040992 0.095649
0 0.396710 0.578209 0.032902 0.076232
0 0.695254 0.774901 0.020496 0.056814
0 0.637271 0.845020 0.068501 0.079108
0 0.531014 0.724560 0.038296 0.064006
0 0.470874 0.746494 0.046386 0.043150
0 0.312298 0.804027 0.071197 0.058972
0 0.303937 0.733909 0.058792 0.059691
0 0.327131 0.699748 0.051241 0.046027
0 0.259709 0.258181 0.033981 0.037397
1 0.634304 0.400575 0.048544 0.012945
0 0.540183 0.582524 0.080367 0.048903
0 0.858414 0.727077 0.024272 0.090615
0 0.578209 0.699748 0.048544 0.025890
