2 0.383203 0.556250 0.024219 0.052083
2 0.240625 0.587500 0.028125 0.075000
2 0.158984 0.697917 0.032031 0.083333
2 0.601562 0.545833 0.020313 0.056250
2 0.321875 0.415625 0.021875 0.068750
2 0.662500 0.242708 0.017188 0.072917
2 0.571875 0.462500 0.018750 0.066667
2 0.750000 0.581250 0.026562 0.081250
2 0.677344 0.244271 0.017188 0.067708
1 0.298438 0.576042 0.123438 0.087500
2 0.303906 0.226562 0.021875 0.067708
2 0.566406 0.732292 0.031250 0.066667
2 0.715234 0.578646 0.022656 0.078125
1 0.775781 0.550000 0.051562 0.095833
2 0.753125 0.561979 0.020313 0.042708
2 0.383594 0.654687 0.017188 0.053125
2 0.824219 0.802604 0.040625 0.105208
2 0.289453 0.788021 0.057031 0.036458
2 0.512136 0.713053 0.035059 0.052499
2 0.564186 0.688601 0.055016 0.029486
2 0.451456 0.733549 0.045307 0.028767
2 0.285059 0.721683 0.058792 0.059691
2 0.307713 0.686803 0.056634 0.038835
2 0.367853 0.809781 0.036677 0.080547
2 0.313916 0.909745 0.057174 0.100683
2 0.086839 0.873067 0.034520 0.092053
1 0.170712 0.624955 0.072816 0.128012
1 0.520496 0.568501 0.089536 0.059691
2 0.621899 0.393024 0.048544 0.032362
2 0.552050 0.138799 0.023193 0.056095
2 0.246764 0.245595 0.029666 0.046746
2 0.713053 0.542611 0.063646 0.102841
2 0.839806 0.713053 0.033441 0.094211
2 0.672600 0.762675 0.032362 0.068321
2 0.616235 0.832794 0.064186 0.077670
2 0.158846 0.785329 0.062028 0.066163
