2 0.378125 0.553646 0.025000 0.057292
2 0.312891 0.911979 0.042969 0.096875
2 0.233984 0.582292 0.027344 0.077083
2 0.315234 0.410938 0.021094 0.071875
2 0.563281 0.732292 0.029687 0.070833
2 0.746484 0.580729 0.025781 0.080208
2 0.566797 0.458854 0.019531 0.065625
2 0.712109 0.578646 0.024219 0.080208
2 0.153125 0.695833 0.032813 0.085417
2 0.659766 0.236979 0.017969 0.071875
2 0.673828 0.241667 0.016406 0.070833
2 0.823047 0.803646 0.041406 0.107292
2 0.376563 0.651042 0.023438 0.052083
2 0.597656 0.548958 0.020313 0.070833
1 0.291797 0.566146 0.122656 0.082292
1 0.774219 0.551042 0.048438 0.089583
2 0.360938 0.815625 0.032813 0.068750
2 0.299609 0.220312 0.022656 0.069792
1 0.708203 0.545312 0.064844 0.090625
2 0.284766 0.786458 0.057031 0.039583
2 0.245146 0.238044 0.035059 0.056095
2 0.548274 0.135203 0.023193 0.056095
2 0.614347 0.389069 0.053937 0.033082
2 0.838457 0.716289 0.035059 0.096368
2 0.670982 0.761597 0.035599 0.067602
2 0.612999 0.838188 0.073894 0.081266
2 0.508630 0.710895 0.044229 0.049622
2 0.559331 0.682129 0.045307 0.025171
2 0.447681 0.733549 0.042071 0.031643
2 0.312837 0.682488 0.059331 0.048903
2 0.279396 0.717727 0.057174 0.050342
2 0.148867 0.780654 0.060410 0.055376
2 0.081985 0.863718 0.039914 0.100683
1 0.519417 0.564186 0.085221 0.049622
