0 0.222266 0.537500 0.028906 0.077083
0 0.701953 0.547917 0.025781 0.079167
0 0.657813 0.207813 0.015625 0.067708
0 0.134375 0.642708 0.031250 0.087500
0 0.307812 0.369271 0.021875 0.071875
0 0.739453 0.547396 0.024219 0.069792
0 0.561328 0.428646 0.021094 0.067708
0 0.366016 0.522396 0.024219 0.078125
0 0.671094 0.211979 0.018750 0.071875
0 0.587891 0.519271 0.022656 0.076042
0 0.053125 0.804167 0.034375 0.108333
1 0.279687 0.522917 0.123438 0.079167
0 0.546484 0.691146 0.032031 0.065625
0 0.297266 0.178646 0.021094 0.069792
1 0.509375 0.530208 0.084375 0.056250
0 0.336719 0.777083 0.035937 0.054167
0 0.800000 0.790625 0.023438 0.081250
0 0.546094 0.105208 0.012500 0.047917
1 0.700781 0.514583 0.065625 0.095833
0 0.361328 0.607292 0.024219 0.052083
1 0.146710 0.572096 0.070119 0.125854
0 0.612460 0.359583 0.057713 0.027328
0 0.241640 0.203524 0.035599 0.056095
0 0.831446 0.693635 0.024272 0.110032
0 0.660734 0.727436 0.020496 0.053937
0 0.596278 0.801510 0.069579 0.076951
0 0.492718 0.668465 0.039374 0.040992
0 0.538565 0.642215 0.048004 0.033082
0 0.429342 0.687163 0.050701 0.028047
0 0.267799 0.734987 0.074973 0.048903
0 0.127562 0.730313 0.058792 0.066882
0 0.290453 0.634664 0.055556 0.049622
0 0.259978 0.670982 0.066882 0.054657
0 0.286408 0.865156 0.045307 0.102122
1 0.763215 0.535419 0.055016 0.059691
