0 0.317188 0.406250 0.021875 0.075000
0 0.301563 0.901563 0.042188 0.103125
0 0.377344 0.558854 0.025000 0.076042
0 0.230859 0.575521 0.025781 0.078125
0 0.146094 0.683333 0.031250 0.089583
0 0.562109 0.734896 0.030469 0.080208
0 0.679297 0.243229 0.017969 0.071875
0 0.750781 0.583854 0.026562 0.082292
0 0.665625 0.239583 0.015625 0.070833
0 0.599609 0.553125 0.022656 0.077083
0 0.715234 0.580729 0.024219 0.080208
1 0.290234 0.561458 0.121094 0.079167
0 0.569922 0.464062 0.017969 0.069792
0 0.569531 0.727083 0.014063 0.064583
0 0.375000 0.646875 0.025000 0.052083
0 0.356250 0.803646 0.029687 0.059375
1 0.778516 0.555729 0.057031 0.092708
0 0.303125 0.214583 0.020313 0.070833
1 0.712109 0.547917 0.064844 0.095833
0 0.554207 0.137001 0.021036 0.064006
0 0.243528 0.229414 0.029666 0.025890
1 0.158846 0.615246 0.070658 0.124416
1 0.518878 0.564905 0.090615 0.055376
0 0.622168 0.391586 0.049083 0.026609
0 0.299892 0.677095 0.046386 0.039554
0 0.273732 0.708019 0.071737 0.066882
0 0.136462 0.769507 0.062567 0.058972
0 0.281284 0.773463 0.077131 0.052499
0 0.441478 0.728155 0.052319 0.028047
0 0.508900 0.704063 0.039374 0.047465
0 0.613808 0.828839 0.071197 0.076951
0 0.678263 0.772744 0.026429 0.064006
0 0.824434 0.810140 0.025351 0.107156
0 0.841154 0.719525 0.032902 0.085581
0 0.069849 0.853650 0.042611 0.103560
