2 0.382031 0.551562 0.025000 0.061458
2 0.321484 0.406771 0.021094 0.073958
2 0.236328 0.576042 0.025781 0.077083
2 0.719531 0.581771 0.025000 0.080208
2 0.574219 0.461458 0.018750 0.064583
2 0.754297 0.582812 0.027344 0.082292
2 0.669531 0.239583 0.015625 0.070833
2 0.308594 0.215104 0.021875 0.071875
2 0.604297 0.548958 0.021094 0.066667
1 0.296094 0.561979 0.121875 0.080208
2 0.683594 0.243229 0.018750 0.071875
2 0.566406 0.731771 0.031250 0.073958
2 0.825391 0.805729 0.050781 0.111458
2 0.151172 0.687500 0.030469 0.081250
1 0.717187 0.540104 0.064062 0.084375
2 0.360547 0.802083 0.032031 0.060417
2 0.721094 0.563021 0.021875 0.040625
2 0.379297 0.646354 0.024219 0.053125
2 0.481250 0.604167 0.029687 0.054167
2 0.846875 0.716667 0.028125 0.089583
2 0.161543 0.612370 0.071737 0.127292
2 0.249461 0.235886 0.039374 0.040273
2 0.557443 0.136282 0.027508 0.068321
2 0.626753 0.392665 0.040992 0.027328
1 0.775890 0.570658 0.044768 0.066882
2 0.678263 0.764114 0.022114 0.053937
2 0.618932 0.829558 0.068501 0.087019
2 0.512406 0.710536 0.038835 0.051780
2 0.450917 0.726717 0.044229 0.036677
2 0.285599 0.778857 0.071737 0.054657
2 0.306634 0.899676 0.045847 0.106437
2 0.072546 0.853650 0.033981 0.096368
2 0.142665 0.773103 0.059871 0.060410
2 0.282093 0.710895 0.069040 0.055376
1 0.304207 0.674577 0.037756 0.044588
2 0.525620 0.563466 0.097627 0.056814
