2 0.403516 0.588021 0.024219 0.076042
2 0.342969 0.435937 0.021875 0.071875
2 0.257812 0.602604 0.026562 0.076042
2 0.173047 0.708333 0.032031 0.087500
2 0.403125 0.566146 0.023438 0.032292
2 0.594141 0.492188 0.017969 0.065625
2 0.585938 0.757292 0.029687 0.066667
2 0.770703 0.612500 0.027344 0.081250
2 0.688281 0.277604 0.014063 0.055208
2 0.701953 0.274479 0.019531 0.069792
2 0.380078 0.833854 0.035156 0.069792
2 0.400000 0.673958 0.023438 0.052083
2 0.737109 0.609896 0.024219 0.078125
2 0.578125 0.167708 0.012500 0.052083
2 0.386328 0.815625 0.022656 0.033333
2 0.329688 0.243229 0.023438 0.067708
1 0.317188 0.590104 0.121875 0.080208
1 0.786719 0.583854 0.073438 0.092708
1 0.546094 0.595833 0.081250 0.058333
1 0.733984 0.576042 0.064844 0.097917
2 0.867314 0.738583 0.028047 0.100683
2 0.840615 0.837828 0.032902 0.089177
2 0.625944 0.578209 0.025351 0.077670
2 0.168285 0.794678 0.055016 0.061848
2 0.096548 0.876303 0.035599 0.092772
2 0.312567 0.802589 0.080367 0.047465
2 0.305825 0.736066 0.072276 0.055376
2 0.327940 0.705861 0.061489 0.046746
2 0.468447 0.752967 0.049083 0.031643
2 0.534790 0.736066 0.040453 0.049622
2 0.635113 0.859403 0.062028 0.086300
2 0.694714 0.783531 0.030205 0.059691
2 0.644283 0.418554 0.045847 0.027328
2 0.276160 0.260338 0.037756 0.040273
1 0.185814 0.637540 0.070658 0.128731
2 0.329288 0.928443 0.048004 0.110752
