2 0.425391 0.586979 0.022656 0.076042
2 0.364844 0.437500 0.021875 0.072917
2 0.646484 0.560937 0.019531 0.042708
2 0.282031 0.605729 0.026562 0.078125
2 0.200000 0.715625 0.025000 0.081250
2 0.793359 0.604167 0.025781 0.079167
2 0.758594 0.601042 0.025000 0.077083
2 0.707031 0.264062 0.015625 0.069792
2 0.719922 0.268229 0.017969 0.069792
2 0.616406 0.486979 0.018750 0.065625
2 0.608984 0.751042 0.030469 0.066667
2 0.348828 0.247917 0.024219 0.070833
2 0.593750 0.163542 0.014063 0.054167
1 0.340625 0.590625 0.121875 0.077083
1 0.571094 0.593229 0.084375 0.057292
1 0.756250 0.568229 0.064062 0.098958
2 0.424219 0.673438 0.023438 0.051042
1 0.814453 0.578125 0.061719 0.083333
2 0.866406 0.819792 0.037500 0.108333
2 0.403906 0.832292 0.034375 0.068750
2 0.191208 0.801870 0.062028 0.063287
2 0.121359 0.883855 0.038835 0.097807
2 0.354099 0.929522 0.050162 0.108594
2 0.330367 0.802589 0.082524 0.060410
2 0.330906 0.733190 0.068501 0.053937
2 0.358954 0.705861 0.058792 0.028047
2 0.492988 0.751169 0.048544 0.026609
2 0.555556 0.731032 0.044229 0.043869
2 0.667745 0.846818 0.083064 0.065444
2 0.720065 0.778137 0.032362 0.066163
2 0.882686 0.727796 0.017799 0.089177
2 0.665858 0.414599 0.043689 0.022294
1 0.207389 0.645451 0.073894 0.138799
2 0.293420 0.266451 0.036677 0.042431
