0 0.097656 0.888021 0.081250 0.130208
0 0.183594 0.204687 0.035937 0.109375
0 0.973828 0.502604 0.046094 0.084375
0 0.895312 0.375000 0.050000 0.118750
0 0.397656 0.202604 0.035937 0.105208
0 0.356250 0.359375 0.037500 0.087500
0 0.943359 0.396875 0.049219 0.114583
0 0.703906 0.108333 0.026562 0.095833
0 0.533984 0.296875 0.050781 0.070833
0 0.019141 0.389062 0.038281 0.126042
0 0.182812 0.655208 0.026562 0.118750
0 0.609375 0.532292 0.057813 0.100000
0 0.194531 0.204687 0.014063 0.098958
0 0.733984 0.258333 0.033594 0.097917
1 0.277344 0.190625 0.179688 0.125000
0 0.193359 0.426042 0.111719 0.133333
0 0.041016 0.819271 0.082031 0.026042
0 0.336328 0.303646 0.144531 0.057292
0 0.985938 0.899479 0.028125 0.157292
0 0.006641 0.819792 0.013281 0.025000
1 0.587109 0.270833 0.074219 0.041667
0 0.224219 0.422396 0.073438 0.111458
0 0.782031 0.652604 0.064062 0.286458
0 0.953516 0.375521 0.028906 0.071875
