0 0.412109 0.217188 0.035156 0.107292
0 0.058594 0.746354 0.095312 0.171875
0 0.918750 0.437500 0.039062 0.112500
0 0.961719 0.266667 0.034375 0.129167
0 0.071875 0.796875 0.068750 0.093750
0 0.219922 0.640625 0.028906 0.104167
0 0.604297 0.274479 0.039844 0.109375
0 0.489844 0.422396 0.031250 0.082292
0 0.619531 0.035937 0.035937 0.071875
0 0.368359 0.416667 0.038281 0.058333
0 0.435937 0.807813 0.076563 0.115625
1 0.507031 0.223438 0.198437 0.155208
0 0.398438 0.814063 0.046875 0.128125
0 0.239453 0.619792 0.021094 0.129167
0 0.438281 0.285938 0.054688 0.092708
0 0.370312 0.872917 0.132812 0.245833
0 0.367188 0.668229 0.137500 0.328125
0 0.235156 0.604167 0.095312 0.206250
