0 0.772266 0.362500 0.041406 0.112500
0 0.877734 0.126562 0.033594 0.101042
0 0.108984 0.546354 0.041406 0.092708
0 0.133203 0.315625 0.030469 0.108333
0 0.394531 0.274479 0.031250 0.048958
0 0.973828 0.728125 0.050781 0.202083
0 0.773828 0.319271 0.032031 0.026042
0 0.639453 0.233854 0.033594 0.092708
0 0.130078 0.299479 0.022656 0.065625
1 0.522656 0.198958 0.179688 0.137500
0 0.326172 0.874479 0.221094 0.248958
0 0.120703 0.817708 0.050781 0.029167
0 0.943359 0.808333 0.011719 0.047917
0 0.393750 0.251563 0.035937 0.094792
1 0.587500 0.193750 0.050000 0.100000
1 0.710156 0.312500 0.185938 0.125000
0 0.775391 0.742188 0.050781 0.176042
0 0.232422 0.822917 0.033594 0.145833
0 0.123438 0.848958 0.053125 0.089583
