0 0.500000 0.359375 0.039062 0.110417
0 0.469531 0.543750 0.040625 0.079167
0 0.437109 0.098958 0.035156 0.108333
0 0.801172 0.227083 0.021094 0.100000
0 0.270313 0.362500 0.040625 0.116667
0 0.736328 0.750521 0.069531 0.161458
0 0.308203 0.886979 0.033594 0.111458
0 0.099219 0.584375 0.053125 0.127083
1 0.203906 0.397917 0.032813 0.131250
0 0.845313 0.407813 0.035937 0.105208
0 0.499219 0.318229 0.034375 0.028125
0 0.796484 0.728646 0.030469 0.207292
0 0.732812 0.787500 0.064062 0.075000
0 0.649219 0.467708 0.050000 0.083333
0 0.773047 0.800521 0.057031 0.101042
1 0.418750 0.345833 0.087500 0.125000
0 0.427734 0.098958 0.017969 0.106250
0 0.340234 0.590625 0.058594 0.056250
0 0.609766 0.707292 0.092969 0.245833
0 0.760938 0.730729 0.021875 0.096875
0 0.301172 0.792188 0.047656 0.084375
0 0.684375 0.745313 0.075000 0.132292
0 0.800781 0.801042 0.101562 0.102083
