0 0.390234 0.113542 0.030469 0.110417
0 0.477344 0.376042 0.039062 0.118750
0 0.776953 0.732292 0.057031 0.150000
0 0.755078 0.211458 0.027344 0.095833
0 0.239844 0.398958 0.042188 0.114583
0 0.478516 0.569271 0.044531 0.094792
0 0.821484 0.384375 0.039844 0.110417
1 0.327344 0.370312 0.218750 0.134375
0 0.092578 0.650521 0.057031 0.132292
0 0.081641 0.826562 0.086719 0.094792
0 0.083594 0.426042 0.157812 0.310417
0 0.344531 0.838542 0.056250 0.097917
0 0.805859 0.403125 0.011719 0.077083
1 0.405078 0.367708 0.060156 0.122917
1 0.966016 0.396354 0.066406 0.161458
1 0.701562 0.388542 0.126562 0.089583
0 0.952734 0.336979 0.030469 0.173958
