0 0.892188 0.255729 0.040625 0.109375
0 0.740234 0.521354 0.050781 0.121875
0 0.934375 0.260417 0.042188 0.108333
0 0.981641 0.344271 0.035156 0.078125
0 0.614062 0.054688 0.021875 0.090625
0 0.252734 0.041667 0.035156 0.083333
1 0.611328 0.229167 0.097656 0.085417
0 0.714844 0.202604 0.031250 0.105208
0 0.142578 0.338542 0.046094 0.114583
0 0.930859 0.281771 0.035156 0.063542
0 0.990234 0.318750 0.017969 0.027083
0 0.837500 0.832292 0.175000 0.164583
0 0.946484 0.256771 0.017969 0.101042
1 0.259766 0.269792 0.144531 0.125000
0 0.686328 0.551042 0.080469 0.102083
0 0.374219 0.255729 0.039062 0.113542
0 0.374609 0.281250 0.035156 0.062500
0 0.386719 0.802083 0.046875 0.060417
0 0.414453 0.435937 0.044531 0.103125
0 0.384375 0.257812 0.018750 0.111458
1 0.189062 0.275000 0.120313 0.114583
0 0.021484 0.337500 0.042969 0.175000
0 0.572266 0.674479 0.103906 0.294792
0 0.691016 0.874479 0.238281 0.248958
0 0.037500 0.620313 0.075000 0.140625
1 0.896094 0.191146 0.139063 0.148958
0 0.874609 0.666667 0.247656 0.331250
1 0.600000 0.259896 0.075000 0.019792
1 0.968359 0.132292 0.061719 0.197917
