0 0.302344 0.279687 0.040625 0.105208
0 0.236328 0.047396 0.035156 0.094792
0 0.653125 0.277083 0.034375 0.100000
0 0.275000 0.466146 0.039062 0.088542
0 0.607812 0.113542 0.029687 0.095833
0 0.091797 0.323958 0.042969 0.108333
0 0.927734 0.488542 0.050781 0.091667
0 0.464062 0.874479 0.098437 0.248958
0 0.834375 0.367708 0.046875 0.120833
0 0.878906 0.380208 0.032813 0.120833
0 0.671094 0.873437 0.217188 0.246875
0 0.139844 0.813021 0.032813 0.123958
1 0.230078 0.295833 0.085156 0.091667
0 0.551172 0.635938 0.061719 0.173958
1 0.167187 0.277604 0.164062 0.109375
0 0.451172 0.327604 0.016406 0.009375
0 0.668750 0.665625 0.207813 0.331250
0 0.489063 0.323958 0.021875 0.016667
0 0.895312 0.360938 0.028125 0.078125
0 0.766016 0.873437 0.032031 0.246875
1 0.794922 0.282292 0.033594 0.100000
0 0.765625 0.796354 0.031250 0.092708
0 0.569922 0.569271 0.014844 0.026042
1 0.968359 0.016146 0.061719 0.032292
0 0.638672 0.326562 0.016406 0.011458
