0 0.295703 0.292708 0.039844 0.079167
0 0.113281 0.290625 0.032813 0.083333
0 0.291797 0.062500 0.033594 0.097917
0 0.652344 0.204167 0.031250 0.095833
0 0.785547 0.516146 0.052344 0.130208
0 0.626172 0.379167 0.035156 0.104167
0 0.377344 0.706771 0.087500 0.167708
0 0.842969 0.556250 0.057813 0.112500
0 0.554297 0.857812 0.064844 0.194792
1 0.235156 0.296875 0.095312 0.093750
0 0.848047 0.523438 0.047656 0.117708
0 0.616406 0.378646 0.015625 0.098958
1 0.180859 0.297396 0.136719 0.094792
0 0.226562 0.816667 0.057813 0.133333
0 0.005469 0.763021 0.010937 0.026042
0 0.867188 0.913021 0.090625 0.171875
0 0.006250 0.720313 0.012500 0.111458
1 0.039844 0.342708 0.079687 0.164583
0 0.167969 0.957292 0.073438 0.083333
0 0.056641 0.615104 0.110156 0.115625
0 0.396875 0.676562 0.043750 0.094792
1 0.153125 0.276042 0.192188 0.112500
0 0.219922 0.575000 0.064844 0.150000
0 0.209375 0.464583 0.029687 0.072917
0 0.776172 0.541667 0.041406 0.083333
0 0.880469 0.949479 0.064062 0.098958
0 0.952734 0.411458 0.030469 0.241667
0 0.213672 0.816146 0.028906 0.132292
