0 0.070312 0.267188 0.039062 0.103125
0 0.819141 0.216146 0.035156 0.086458
0 0.311328 0.343229 0.022656 0.078125
0 0.731641 0.385937 0.038281 0.119792
0 0.310937 0.318229 0.021875 0.028125
0 0.442578 0.219792 0.038281 0.100000
1 0.351172 0.170833 0.171094 0.143750
0 0.420312 0.286458 0.057813 0.091667
1 0.905078 0.499479 0.163281 0.165625
0 0.430078 0.217708 0.013281 0.091667
1 0.218359 0.165625 0.061719 0.108333
0 0.875000 0.765104 0.056250 0.092708
0 0.498047 0.827083 0.091406 0.154167
0 0.180859 0.404167 0.117969 0.202083
1 0.406641 0.182292 0.063281 0.125000
1 0.593359 0.304167 0.061719 0.056250
0 0.439453 0.559896 0.094531 0.044792
0 0.513672 0.321875 0.017969 0.020833
0 0.206250 0.319792 0.021875 0.025000
0 0.935547 0.616146 0.127344 0.140625
0 0.056250 0.530729 0.020313 0.061458
0 0.290234 0.200521 0.053906 0.148958
0 0.756641 0.529167 0.013281 0.058333
1 0.169141 0.185417 0.157031 0.152083
