0 0.525781 0.077604 0.029687 0.090625
0 0.147656 0.342708 0.035937 0.102083
0 0.499219 0.287500 0.034375 0.089583
0 0.391016 0.398438 0.022656 0.067708
0 0.769922 0.407292 0.033594 0.097917
0 0.027344 0.653646 0.054688 0.136458
0 0.834766 0.265104 0.030469 0.084375
1 0.247266 0.295833 0.119531 0.091667
0 0.858984 0.915104 0.083594 0.167708
0 0.291016 0.398438 0.028906 0.046875
0 0.917969 0.709375 0.053125 0.087500
0 0.158203 0.557292 0.022656 0.095833
0 0.580078 0.403125 0.035156 0.077083
0 0.356641 0.301563 0.050781 0.103125
1 0.432422 0.253646 0.114844 0.126042
1 0.399219 0.280729 0.075000 0.061458
1 0.380859 0.250521 0.111719 0.121875
0 0.896094 0.559375 0.075000 0.118750
1 0.491797 0.254688 0.233594 0.130208
0 0.339062 0.270833 0.028125 0.041667
1 0.968359 0.580729 0.061719 0.119792
0 0.924609 0.570833 0.132031 0.141667
0 0.145703 0.317188 0.030469 0.030208
0 0.190234 0.664583 0.117969 0.325000
0 0.594141 0.830208 0.060156 0.152083
