0 0.221094 0.814063 0.056250 0.128125
0 0.489844 0.412500 0.031250 0.075000
0 0.533594 0.282813 0.032813 0.098958
0 0.338672 0.265625 0.033594 0.100000
0 0.498437 0.067708 0.029687 0.093750
0 0.830078 0.318229 0.025781 0.028125
0 0.173437 0.406250 0.042188 0.114583
0 0.813281 0.216146 0.025000 0.082292
0 0.828516 0.346354 0.032031 0.084375
0 0.707422 0.557292 0.035156 0.050000
0 0.320703 0.636458 0.032031 0.120833
0 0.189844 0.250521 0.118750 0.163542
0 0.127734 0.532813 0.063281 0.065625
0 0.344141 0.458854 0.114844 0.098958
0 0.970313 0.452083 0.057813 0.120833
1 0.441797 0.283854 0.132031 0.067708
0 0.126172 0.764583 0.049219 0.089583
0 0.029297 0.129167 0.058594 0.254167
0 0.695703 0.601562 0.058594 0.138542
0 0.550391 0.976562 0.061719 0.044792
0 0.857422 0.658854 0.214844 0.315625
0 0.807031 0.854688 0.114062 0.209375
1 0.240234 0.321875 0.105469 0.143750
0 0.957812 0.041146 0.040625 0.082292
0 0.391406 0.304167 0.032813 0.056250
0 0.707031 0.830729 0.207813 0.161458
