0 0.529297 0.295312 0.033594 0.073958
0 0.396875 0.846354 0.043750 0.121875
0 0.257422 0.809375 0.052344 0.045833
0 0.387109 0.808333 0.049219 0.047917
0 0.212109 0.469792 0.044531 0.110417
0 0.762891 0.208854 0.027344 0.086458
1 0.434766 0.300000 0.119531 0.100000
0 0.464062 0.105208 0.032813 0.089583
0 0.086719 0.742188 0.050000 0.128125
0 0.189844 0.360938 0.117188 0.221875
0 0.336719 0.312500 0.037500 0.089583
0 0.807422 0.310937 0.032031 0.042708
0 0.751953 0.541667 0.044531 0.081250
0 0.950391 0.371875 0.025781 0.156250
0 0.765234 0.566146 0.072656 0.126042
0 0.808594 0.333854 0.028125 0.088542
0 0.240234 0.810417 0.017969 0.043750
0 0.976953 0.410938 0.036719 0.098958
0 0.055859 0.809896 0.111719 0.119792
1 0.386719 0.298958 0.100000 0.097917
0 0.156641 0.647917 0.053906 0.150000
1 0.706641 0.332292 0.102344 0.072917
0 0.928906 0.369792 0.070312 0.158333
0 0.240234 0.832812 0.017969 0.088542
0 0.019531 0.410417 0.039062 0.318750
0 0.937500 0.310937 0.053125 0.042708
0 0.412109 0.683333 0.074219 0.175000
