0 0.667188 0.628646 0.042188 0.119792
0 0.798828 0.368229 0.025781 0.096875
0 0.112109 0.517708 0.038281 0.108333
0 0.767578 0.374479 0.032031 0.101042
0 0.605469 0.315625 0.025000 0.033333
0 0.604688 0.352083 0.026562 0.106250
0 0.182031 0.219792 0.029687 0.106250
0 0.499219 0.220833 0.025000 0.085417
1 0.754297 0.318229 0.114844 0.132292
0 0.596875 0.635417 0.020313 0.075000
0 0.923047 0.379167 0.042969 0.152083
0 0.379688 0.584896 0.037500 0.092708
0 0.661719 0.576042 0.012500 0.012500
1 0.169531 0.459375 0.159375 0.160417
0 0.982812 0.550000 0.032813 0.100000
1 0.503516 0.387500 0.119531 0.081250
0 0.314063 0.429167 0.031250 0.104167
0 0.950391 0.275000 0.025781 0.114583
0 0.855469 0.433854 0.037500 0.065625
0 0.709766 0.070312 0.019531 0.140625
0 0.809766 0.516146 0.077344 0.113542
0 0.802344 0.983333 0.048438 0.031250
0 0.967969 0.417187 0.060937 0.332292
1 0.594531 0.254167 0.035937 0.008333
0 0.809375 0.680208 0.118750 0.306250
0 0.416797 0.899479 0.039844 0.086458
1 0.570703 0.258333 0.016406 0.016667
0 0.357812 0.543750 0.145313 0.077083
0 0.072266 0.794271 0.055469 0.088542
