0 0.456641 0.710938 0.053906 0.148958
0 0.790625 0.497917 0.042188 0.110417
0 0.563281 0.267188 0.028125 0.086458
0 0.236328 0.560417 0.025781 0.072917
0 0.229297 0.194792 0.035156 0.093750
0 0.639844 0.811979 0.026562 0.098958
0 0.033203 0.976042 0.042969 0.045833
0 0.276953 0.407292 0.036719 0.087500
0 0.860938 0.925000 0.065625 0.147917
0 0.785156 0.526563 0.031250 0.053125
0 0.581641 0.418229 0.036719 0.105208
0 0.735547 0.522917 0.036719 0.045833
0 0.898438 0.793229 0.045312 0.086458
1 0.767188 0.837500 0.034375 0.068750
0 0.830469 0.567187 0.025000 0.030208
0 0.975000 0.303646 0.048438 0.057292
0 0.968359 0.427083 0.061719 0.306250
1 0.219531 0.407813 0.064062 0.103125
0 0.358203 0.828646 0.064844 0.157292
0 0.405859 0.696875 0.061719 0.108333
0 0.825781 0.591667 0.051562 0.079167
0 0.382031 0.675000 0.014063 0.122917
0 0.232813 0.943750 0.032813 0.110417
0 0.497266 0.874479 0.244531 0.248958
0 0.842187 0.318750 0.078125 0.137500
0 0.599609 0.285938 0.057031 0.071875
0 0.745313 0.481771 0.056250 0.126042
0 0.021875 0.542188 0.043750 0.084375
0 0.653516 0.516146 0.019531 0.032292
0 0.380078 0.873958 0.111719 0.247917
1 0.029687 0.495312 0.059375 0.169792
0 0.753906 0.446354 0.081250 0.196875
0 0.105078 0.814583 0.035156 0.129167
1 0.425000 0.425000 0.023438 0.066667
1 0.143359 0.360938 0.213281 0.211458
