0 0.055078 0.809375 0.075781 0.118750
0 0.175781 0.257812 0.037500 0.098958
0 0.327344 0.040625 0.031250 0.081250
0 0.043750 0.783854 0.053125 0.096875
0 0.663281 0.130729 0.026562 0.092708
0 0.883984 0.360938 0.041406 0.121875
0 0.980469 0.646354 0.037500 0.128125
0 0.676562 0.265104 0.031250 0.111458
0 0.834375 0.343750 0.040625 0.118750
0 0.019922 0.421354 0.039844 0.107292
0 0.143750 0.622917 0.020313 0.112500
0 0.363281 0.235417 0.035937 0.091667
0 0.943359 0.773958 0.061719 0.116667
0 0.526953 0.518750 0.058594 0.125000
0 0.314063 0.373437 0.031250 0.076042
0 0.487891 0.304688 0.041406 0.055208
1 0.264062 0.237500 0.153125 0.104167
0 0.916406 0.457292 0.050000 0.087500
0 0.968359 0.413021 0.061719 0.323958
0 0.646484 0.622396 0.167969 0.244792
1 0.073047 0.283333 0.125781 0.097917
0 0.955859 0.805729 0.036719 0.111458
