0 0.220312 0.770833 0.057813 0.122917
0 0.179688 0.201042 0.035937 0.102083
0 0.227734 0.801042 0.072656 0.102083
0 0.381250 0.167708 0.034375 0.100000
0 0.048047 0.380729 0.047656 0.123958
0 0.637500 0.053125 0.025000 0.089583
0 0.847656 0.241146 0.040625 0.105208
0 0.891406 0.253125 0.039062 0.108333
0 0.688672 0.174479 0.035156 0.098958
0 0.889062 0.278125 0.035937 0.056250
0 0.375000 0.298438 0.037500 0.078125
0 0.634375 0.408854 0.046875 0.101042
0 0.094531 0.776042 0.060937 0.104167
0 0.192578 0.203125 0.010156 0.079167
1 0.267188 0.173437 0.159375 0.103125
0 0.844531 0.270833 0.034375 0.041667
0 0.793359 0.469271 0.086719 0.223958
0 0.980078 0.213021 0.038281 0.223958
1 0.916797 0.264583 0.032031 0.029167
0 0.039844 0.325521 0.018750 0.013542
0 0.935156 0.315625 0.023438 0.033333
0 0.684375 0.623958 0.243750 0.247917
0 0.985938 0.375000 0.026562 0.250000
0 0.876953 0.073958 0.071094 0.147917
1 0.574219 0.181250 0.100000 0.072917
0 0.794922 0.616667 0.089844 0.233333
1 0.073047 0.306771 0.111719 0.113542
0 0.421094 0.834375 0.009375 0.045833
0 0.261328 0.365104 0.063281 0.096875
1 0.943750 0.533854 0.012500 0.048958
0 0.978906 0.314063 0.040625 0.128125
0 0.931250 0.336458 0.042188 0.075000
0 0.754687 0.256250 0.009375 0.012500
0 0.762891 0.265104 0.025781 0.030208
0 0.446094 0.835417 0.009375 0.047917
