0 0.426563 0.295312 0.037500 0.073958
0 0.204297 0.339062 0.033594 0.109375
0 0.753516 0.303125 0.033594 0.058333
0 0.735156 0.626563 0.054688 0.134375
0 0.333984 0.070312 0.033594 0.109375
1 0.289062 0.311979 0.187500 0.123958
0 0.679297 0.167708 0.027344 0.089583
0 0.069531 0.570312 0.062500 0.140625
0 0.914844 0.399479 0.046875 0.101042
0 0.786719 0.461979 0.073438 0.209375
0 0.203125 0.308854 0.031250 0.046875
0 0.844531 0.872917 0.189062 0.245833
0 0.053906 0.404687 0.107813 0.309375
0 0.957422 0.406771 0.038281 0.096875
0 0.439063 0.486458 0.078125 0.104167
0 0.781250 0.603646 0.062500 0.207292
0 0.944922 0.388021 0.014844 0.057292
0 0.306641 0.775000 0.116406 0.050000
1 0.635547 0.327604 0.119531 0.082292
0 0.660937 0.597917 0.046875 0.152083
0 0.372266 0.802604 0.042969 0.061458
0 0.088281 0.433854 0.115625 0.230208
0 0.607812 0.539583 0.060937 0.085417
1 0.600000 0.332292 0.048438 0.091667
0 0.932422 0.602604 0.119531 0.194792
0 0.711719 0.569792 0.026562 0.025000
0 0.381250 0.325000 0.012500 0.127083
0 0.576172 0.572917 0.096094 0.145833
0 0.436328 0.519792 0.077344 0.039583
0 0.658594 0.549479 0.045312 0.065625
0 0.712109 0.622917 0.027344 0.131250
0 0.053906 0.280729 0.107813 0.103125
