0 0.126172 0.833854 0.072656 0.126042
0 0.490625 0.040104 0.032813 0.080208
0 0.818359 0.803125 0.039844 0.106250
0 0.312500 0.244271 0.037500 0.096875
0 0.826562 0.199479 0.028125 0.088542
1 0.431641 0.236458 0.113281 0.122917
0 0.828125 0.317708 0.032813 0.029167
0 0.511719 0.254688 0.037500 0.086458
0 0.648047 0.637500 0.069531 0.175000
1 0.430859 0.273958 0.111719 0.047917
0 0.354297 0.301042 0.052344 0.102083
0 0.828906 0.350000 0.037500 0.093750
0 0.316016 0.271354 0.032031 0.042708
0 0.445703 0.407292 0.033594 0.081250
0 0.032422 0.104167 0.064844 0.208333
0 0.964453 0.443750 0.069531 0.204167
0 0.962891 0.520833 0.041406 0.041667
0 0.112891 0.801562 0.047656 0.061458
0 0.685156 0.871875 0.245312 0.243750
0 0.786719 0.667708 0.073438 0.270833
1 0.340234 0.232292 0.192969 0.127083
0 0.614453 0.376042 0.019531 0.070833
0 0.253125 0.639062 0.048438 0.151042
1 0.397266 0.272917 0.078906 0.045833
