0 0.316016 0.256771 0.021094 0.073958
0 0.740234 0.383854 0.025781 0.067708
0 0.770312 0.382292 0.026562 0.070833
0 0.666797 0.559375 0.032031 0.045833
0 0.289062 0.066146 0.023438 0.071875
0 0.521484 0.842708 0.035156 0.079167
0 0.271484 0.464583 0.025781 0.070833
0 0.624219 0.357812 0.020313 0.063542
0 0.889453 0.530729 0.028906 0.061458
0 0.645703 0.040104 0.016406 0.059375
0 0.666406 0.049479 0.020313 0.067708
0 0.414844 0.410417 0.021875 0.070833
0 0.521094 0.818229 0.031250 0.028125
1 0.321484 0.429688 0.133594 0.105208
1 0.719922 0.339583 0.042969 0.100000
0 0.290625 0.560417 0.034375 0.043750
0 0.649219 0.689583 0.025000 0.083333
1 0.576562 0.384375 0.028125 0.043750
0 0.555859 0.255729 0.016406 0.063542
1 0.098437 0.667708 0.196875 0.327083
0 0.795312 0.760938 0.032813 0.055208
0 0.896094 0.613542 0.046875 0.097917
0 0.760156 0.367708 0.010937 0.039583
0 0.267188 0.886458 0.040625 0.085417
0 0.245312 0.638542 0.032813 0.083333
0 0.894922 0.573438 0.016406 0.017708
0 0.619141 0.352083 0.010156 0.043750
