0 0.531641 0.813021 0.035156 0.078125
0 0.323437 0.222917 0.023438 0.072917
0 0.413672 0.856250 0.046094 0.066667
0 0.779297 0.351042 0.025781 0.068750
0 0.633594 0.311979 0.018750 0.040625
0 0.278906 0.433854 0.026562 0.073958
0 0.750000 0.354167 0.025000 0.066667
0 0.297656 0.034896 0.023438 0.069792
0 0.424219 0.379167 0.023438 0.070833
0 0.900391 0.495312 0.027344 0.071875
0 0.737109 0.111458 0.038281 0.222917
0 0.271875 0.857812 0.034375 0.084375
1 0.580859 0.350000 0.036719 0.052083
1 0.329688 0.397396 0.135937 0.103125
0 0.758984 0.636979 0.017969 0.053125
0 0.715625 0.780729 0.042188 0.061458
0 0.782813 0.324479 0.017188 0.015625
0 0.896484 0.515625 0.021094 0.031250
0 0.676562 0.026562 0.020313 0.053125
0 0.805859 0.731771 0.035156 0.057292
0 0.532422 0.434896 0.032031 0.109375
0 0.678125 0.540625 0.032813 0.072917
0 0.568359 0.223438 0.024219 0.061458
0 0.656641 0.019792 0.014844 0.039583
0 0.144922 0.456771 0.067969 0.251042
0 0.900000 0.558333 0.026562 0.047917
0 0.768750 0.323958 0.012500 0.016667
0 0.613281 0.811979 0.021875 0.053125
0 0.769531 0.345833 0.012500 0.062500
1 0.728906 0.307812 0.043750 0.101042
0 0.659375 0.657813 0.025000 0.084375
0 0.755078 0.327604 0.014844 0.009375
1 0.757031 0.308854 0.101562 0.103125
0 0.908203 0.584375 0.042969 0.100000
