0 0.355078 0.238542 0.022656 0.075000
0 0.308984 0.448437 0.025781 0.073958
1 0.596875 0.373958 0.068750 0.056250
0 0.808594 0.376042 0.026562 0.070833
0 0.925781 0.528646 0.028125 0.057292
0 0.560547 0.833333 0.035156 0.081250
0 0.780078 0.376563 0.025781 0.067708
0 0.705469 0.555208 0.029687 0.054167
0 0.664453 0.350521 0.019531 0.065625
0 0.687891 0.681250 0.024219 0.085417
0 0.330469 0.046354 0.023438 0.073958
0 0.688672 0.034375 0.016406 0.064583
0 0.455078 0.400000 0.022656 0.075000
0 0.560937 0.813021 0.035937 0.038542
0 0.707812 0.041146 0.021875 0.065625
1 0.360156 0.414583 0.134375 0.108333
0 0.564063 0.457292 0.029687 0.112500
0 0.570312 0.838021 0.015625 0.069792
1 0.401172 0.404687 0.052344 0.084375
0 0.665625 0.325000 0.018750 0.014583
0 0.842578 0.430729 0.030469 0.055208
0 0.570703 0.432292 0.016406 0.062500
0 0.742969 0.802604 0.040625 0.059375
1 0.688281 0.680729 0.229687 0.261458
1 0.774609 0.331250 0.074219 0.102083
0 0.570703 0.812500 0.016406 0.039583
0 0.405859 0.827604 0.061719 0.155208
1 0.767188 0.457813 0.034375 0.065625
0 0.300000 0.874479 0.034375 0.084375
0 0.756641 0.802083 0.013281 0.058333
