0 0.369922 0.253646 0.021094 0.073958
0 0.697266 0.696875 0.024219 0.083333
0 0.790234 0.398958 0.024219 0.066667
0 0.569531 0.846354 0.034375 0.078125
0 0.818750 0.397396 0.026562 0.069792
0 0.322656 0.462500 0.025000 0.075000
0 0.714453 0.564583 0.025781 0.035417
0 0.346484 0.060937 0.024219 0.071875
0 0.933984 0.541146 0.028906 0.071875
1 0.602344 0.392188 0.079687 0.057292
0 0.676562 0.367188 0.020313 0.063542
0 0.721875 0.064062 0.018750 0.065625
1 0.408594 0.420833 0.067187 0.085417
0 0.576172 0.479687 0.030469 0.130208
0 0.701172 0.055729 0.014844 0.065625
1 0.371875 0.427604 0.131250 0.101042
0 0.780859 0.131250 0.041406 0.262500
0 0.309375 0.881250 0.032813 0.083333
0 0.467969 0.415104 0.021875 0.067708
0 0.691797 0.811979 0.135156 0.123958
0 0.759766 0.810937 0.019531 0.042708
0 0.572656 0.819792 0.020313 0.025000
0 0.717969 0.587500 0.032813 0.079167
1 0.769922 0.352083 0.039844 0.102083
0 0.569141 0.714583 0.013281 0.043750
0 0.517578 0.777604 0.080469 0.055208
0 0.808594 0.380729 0.010937 0.040625
