0 0.569141 0.822396 0.036719 0.078125
0 0.372266 0.225521 0.021094 0.073958
0 0.323437 0.432812 0.025000 0.071875
0 0.937891 0.527604 0.027344 0.055208
0 0.823047 0.371354 0.027344 0.071875
0 0.793750 0.373958 0.025000 0.066667
0 0.575000 0.807813 0.025000 0.048958
0 0.678906 0.341146 0.018750 0.065625
0 0.348047 0.035417 0.024219 0.070833
0 0.577344 0.446354 0.031250 0.117708
0 0.699609 0.670833 0.024219 0.081250
0 0.705859 0.027604 0.014844 0.055208
1 0.409375 0.392708 0.068750 0.087500
0 0.840625 0.751042 0.032813 0.058333
0 0.717187 0.551562 0.028125 0.063542
0 0.469141 0.385417 0.021094 0.068750
1 0.604688 0.363021 0.082812 0.057292
0 0.307812 0.857292 0.034375 0.083333
0 0.678516 0.320312 0.019531 0.023958
0 0.761719 0.794792 0.023438 0.058333
1 0.772656 0.327083 0.042188 0.102083
0 0.726953 0.037500 0.017969 0.060417
0 0.614062 0.235417 0.020313 0.066667
0 0.378906 0.230208 0.007812 0.062500
1 0.828516 0.346354 0.041406 0.073958
0 0.936719 0.570312 0.026562 0.023958
1 0.371875 0.401042 0.129688 0.106250
0 0.783594 0.130729 0.039062 0.261458
0 0.569531 0.690104 0.014063 0.046875
0 0.451562 0.861979 0.048438 0.071875
1 0.774219 0.451042 0.048438 0.066667
0 0.921484 0.394792 0.055469 0.125000
1 0.691406 0.674479 0.242188 0.261458
0 0.813281 0.362500 0.010937 0.050000
0 0.791406 0.655208 0.032813 0.056250
0 0.432422 0.868750 0.008594 0.022917
