0 0.369531 0.232292 0.021875 0.072917
0 0.794141 0.377083 0.025781 0.068750
0 0.938281 0.529167 0.028125 0.058333
0 0.322656 0.442188 0.026562 0.073958
0 0.719922 0.554688 0.032031 0.057292
0 0.824219 0.375000 0.026562 0.070833
1 0.371484 0.409375 0.130469 0.104167
0 0.344141 0.041146 0.022656 0.073958
0 0.704297 0.030729 0.016406 0.061458
0 0.569141 0.830729 0.036719 0.078125
0 0.678125 0.348958 0.020313 0.068750
0 0.614062 0.238021 0.020313 0.059375
0 0.575000 0.811979 0.025000 0.040625
0 0.762500 0.802083 0.025000 0.060417
0 0.578516 0.454688 0.032031 0.115625
0 0.680078 0.323437 0.016406 0.017708
1 0.829688 0.347917 0.039062 0.072917
0 0.723828 0.034896 0.019531 0.067708
0 0.307422 0.867708 0.036719 0.083333
0 0.292969 0.615104 0.032813 0.084375
0 0.842187 0.755208 0.032813 0.058333
0 0.858594 0.427083 0.029687 0.047917
0 0.468750 0.393750 0.021875 0.066667
1 0.773828 0.330208 0.042969 0.102083
0 0.952734 0.608854 0.030469 0.105208
0 0.791797 0.661979 0.032031 0.055208
0 0.700391 0.678646 0.024219 0.086458
0 0.377734 0.236979 0.005469 0.061458
1 0.775391 0.305729 0.039844 0.053125
1 0.408594 0.400521 0.067187 0.086458
0 0.923047 0.395313 0.055469 0.123958
0 0.812891 0.364583 0.011719 0.050000
0 0.569141 0.697917 0.013281 0.045833
