0 0.366406 0.245312 0.021875 0.073958
0 0.820312 0.381771 0.026562 0.071875
0 0.567969 0.839063 0.035937 0.078125
0 0.790234 0.383333 0.027344 0.068750
0 0.319531 0.453646 0.025000 0.073958
1 0.370703 0.418229 0.133594 0.101042
0 0.716406 0.558333 0.029687 0.047917
0 0.567578 0.816146 0.033594 0.032292
0 0.340234 0.052604 0.022656 0.071875
0 0.936328 0.532292 0.028906 0.064583
0 0.466016 0.402083 0.021094 0.070833
0 0.720313 0.047396 0.018750 0.063542
0 0.700000 0.038542 0.015625 0.062500
1 0.406250 0.411458 0.062500 0.085417
0 0.676172 0.354687 0.021094 0.065625
0 0.307031 0.877083 0.037500 0.081250
0 0.576562 0.460938 0.028125 0.105208
1 0.602734 0.378646 0.080469 0.057292
0 0.760938 0.805208 0.021875 0.054167
0 0.676953 0.327083 0.008594 0.010417
0 0.928125 0.651563 0.071875 0.169792
1 0.770703 0.337500 0.042969 0.102083
1 0.690625 0.697396 0.239063 0.240625
