0 0.567187 0.820833 0.034375 0.077083
0 0.373047 0.219271 0.022656 0.073958
0 0.323437 0.428125 0.025000 0.077083
1 0.605469 0.359896 0.082812 0.055208
0 0.795703 0.370312 0.025781 0.065625
0 0.939063 0.527083 0.028125 0.054167
0 0.825391 0.368750 0.027344 0.070833
0 0.682031 0.337500 0.018750 0.064583
0 0.787500 0.115625 0.039062 0.231250
0 0.578906 0.438021 0.032813 0.107292
0 0.303906 0.853125 0.034375 0.085417
0 0.287500 0.570312 0.020313 0.023958
0 0.708203 0.029687 0.016406 0.059375
0 0.615234 0.233333 0.017969 0.066667
0 0.379688 0.223958 0.009375 0.064583
0 0.716016 0.550000 0.030469 0.064583
0 0.727344 0.033333 0.023438 0.066667
0 0.681641 0.318750 0.016406 0.027083
1 0.408984 0.386979 0.067969 0.086458
0 0.573828 0.807292 0.022656 0.050000
0 0.952344 0.607292 0.029687 0.100000
1 0.372656 0.394792 0.129688 0.100000
0 0.291797 0.600521 0.032031 0.084375
0 0.349609 0.032292 0.024219 0.064583
0 0.760938 0.793750 0.021875 0.056250
1 0.783203 0.322396 0.057031 0.103125
0 0.699219 0.667708 0.023438 0.081250
0 0.959766 0.413021 0.044531 0.326042
0 0.958594 0.272396 0.042188 0.119792
0 0.569141 0.685417 0.013281 0.041667
1 0.831250 0.343229 0.039062 0.076042
