0 0.696094 0.338021 0.020313 0.069792
0 0.696094 0.318229 0.020313 0.028125
0 0.582031 0.825521 0.032813 0.078125
0 0.811328 0.368229 0.027344 0.067708
0 0.801562 0.115104 0.040625 0.230208
0 0.766406 0.798958 0.042188 0.062500
0 0.732031 0.549479 0.039062 0.065625
0 0.385547 0.216667 0.024219 0.072917
0 0.600000 0.467187 0.048438 0.167708
0 0.956250 0.526563 0.026562 0.053125
0 0.334375 0.429167 0.028125 0.077083
0 0.577344 0.703646 0.029687 0.073958
1 0.415625 0.389062 0.081250 0.092708
1 0.377734 0.394792 0.117969 0.106250
1 0.619531 0.357292 0.084375 0.058333
0 0.840234 0.365625 0.027344 0.068750
0 0.208594 0.452083 0.042188 0.260417
0 0.762500 0.550521 0.025000 0.101042
1 0.790234 0.320312 0.042969 0.103125
0 0.360938 0.031771 0.023438 0.063542
0 0.954688 0.568750 0.028125 0.027083
0 0.722656 0.028646 0.018750 0.057292
0 0.483203 0.382812 0.024219 0.076042
0 0.740625 0.030208 0.025000 0.060417
0 0.715234 0.671875 0.025781 0.087500
0 0.832031 0.360938 0.017188 0.067708
0 0.801953 0.661458 0.019531 0.050000
0 0.857031 0.753646 0.034375 0.057292
0 0.796875 0.619792 0.093750 0.239583
0 0.805078 0.368229 0.013281 0.059375
0 0.873828 0.420833 0.030469 0.052083
0 0.317578 0.860938 0.038281 0.084375
0 0.691797 0.369271 0.016406 0.019792
1 0.816797 0.320833 0.097656 0.106250
