0 0.365625 0.219792 0.021875 0.075000
0 0.796094 0.367708 0.026562 0.068750
0 0.567187 0.834375 0.035937 0.079167
0 0.316406 0.432812 0.025000 0.076042
0 0.567187 0.813542 0.035937 0.037500
0 0.942969 0.527604 0.028125 0.055208
0 0.825781 0.367708 0.028125 0.072917
1 0.604297 0.361458 0.083594 0.060417
0 0.339844 0.032292 0.023438 0.064583
0 0.700000 0.677083 0.025000 0.087500
0 0.705469 0.023958 0.014063 0.047917
0 0.678906 0.318229 0.020313 0.028125
0 0.719141 0.551042 0.033594 0.062500
1 0.775391 0.320312 0.042969 0.103125
0 0.726172 0.028125 0.021094 0.056250
1 0.406250 0.390104 0.062500 0.090625
0 0.568750 0.694792 0.012500 0.043750
0 0.762500 0.804167 0.025000 0.060417
1 0.368359 0.397917 0.136719 0.108333
0 0.844922 0.757812 0.032031 0.057292
0 0.678906 0.333854 0.020313 0.059375
0 0.577344 0.409896 0.031250 0.051042
0 0.957031 0.622396 0.029687 0.071875
1 0.752344 0.325000 0.004687 0.014583
0 0.785937 0.112500 0.037500 0.225000
0 0.947266 0.570312 0.017969 0.023958
1 0.832422 0.332292 0.039844 0.062500
0 0.279297 0.575000 0.017969 0.014583
0 0.715625 0.024479 0.010937 0.048958
0 0.816406 0.352083 0.010937 0.041667
