2 0.316016 0.256771 0.021094 0.073958
2 0.740234 0.383854 0.025781 0.067708
2 0.770312 0.382292 0.026562 0.070833
2 0.666797 0.559375 0.032031 0.045833
2 0.289062 0.066146 0.023438 0.071875
2 0.521484 0.842708 0.035156 0.079167
2 0.271484 0.464583 0.025781 0.070833
2 0.624219 0.357812 0.020313 0.063542
2 0.889453 0.530729 0.028906 0.061458
2 0.645703 0.040104 0.016406 0.059375
2 0.666406 0.049479 0.020313 0.067708
2 0.414844 0.410417 0.021875 0.070833
1 0.321484 0.429688 0.133594 0.105208
1 0.719922 0.339583 0.042969 0.100000
2 0.649219 0.689583 0.025000 0.083333
2 0.555859 0.255729 0.016406 0.063542
2 0.267188 0.886458 0.040625 0.085417
2 0.245312 0.638542 0.032813 0.083333
2 0.237535 0.099162 0.029333 0.045511
2 0.508202 0.724585 0.037333 0.088889
2 0.417802 0.697562 0.073067 0.071822
2 0.383935 0.618985 0.069333 0.092444
2 0.419402 0.505918 0.099733 0.058311
2 0.507935 0.537207 0.062400 0.064000
2 0.595402 0.554629 0.048533 0.083200
2 0.649268 0.515162 0.067733 0.062578
1 0.775935 0.359073 0.044800 0.074667
2 0.904468 0.625385 0.032000 0.113778
1 0.738602 0.669473 0.051200 0.069689
2 0.271668 0.740585 0.077333 0.055467
1 0.614068 0.192673 0.051733 0.029156
1 0.550068 0.385029 0.079467 0.062578
1 0.216735 0.538273 0.082667 0.160000
