0 0.531641 0.813021 0.035156 0.078125
0 0.323437 0.222917 0.023438 0.072917
0 0.779297 0.351042 0.025781 0.068750
0 0.633594 0.311979 0.018750 0.040625
0 0.278906 0.433854 0.026562 0.073958
0 0.750000 0.354167 0.025000 0.066667
0 0.297656 0.034896 0.023438 0.069792
0 0.424219 0.379167 0.023438 0.070833
0 0.900391 0.495312 0.027344 0.071875
0 0.271875 0.857812 0.034375 0.084375
1 0.329688 0.397396 0.135937 0.103125
0 0.758984 0.636979 0.017969 0.053125
0 0.896484 0.515625 0.021094 0.031250
0 0.676562 0.026562 0.020313 0.053124
0 0.678125 0.540625 0.032813 0.072917
0 0.568359 0.223438 0.024219 0.061458
0 0.656641 0.019792 0.014844 0.039583
0 0.900000 0.558333 0.026562 0.047917
1 0.728906 0.307812 0.043750 0.101042
0 0.659375 0.657813 0.025000 0.084375
1 0.757031 0.308854 0.101562 0.103125
0 0.908203 0.584375 0.042969 0.100000
0 0.250539 0.079468 0.056634 0.074074
0 0.612729 0.153182 0.077670 0.069040
0 0.518878 0.694355 0.043150 0.079827
0 0.430151 0.668824 0.071737 0.077670
0 0.279126 0.711974 0.086839 0.063287
0 0.255124 0.611650 0.043150 0.087019
1 0.223031 0.509169 0.086839 0.161093
0 0.426645 0.479684 0.099245 0.060410
0 0.509169 0.516721 0.064725 0.059691
0 0.397789 0.585041 0.073894 0.088457
0 0.603020 0.533981 0.040992 0.088457
0 0.660464 0.486156 0.066343 0.070478
1 0.559331 0.352391 0.079827 0.083423
