0 0.355078 0.238542 0.022656 0.075000
0 0.308984 0.448437 0.025781 0.073958
1 0.596875 0.373958 0.068750 0.056250
0 0.808594 0.376042 0.026562 0.070833
0 0.560547 0.833333 0.035156 0.081250
0 0.780078 0.376563 0.025781 0.067708
0 0.705469 0.555208 0.029687 0.054167
0 0.664453 0.350521 0.019531 0.065625
0 0.687891 0.681250 0.024219 0.085417
0 0.330469 0.046354 0.023438 0.073958
0 0.688672 0.034375 0.016406 0.064583
0 0.455078 0.400000 0.022656 0.075000
0 0.707812 0.041146 0.021875 0.065625
1 0.360156 0.414583 0.134375 0.108333
0 0.564063 0.457292 0.029687 0.112500
0 0.570703 0.432292 0.016406 0.062500
1 0.774609 0.331250 0.074219 0.102083
0 0.300000 0.874479 0.034375 0.084375
1 0.250000 0.524631 0.086839 0.167566
0 0.305825 0.724919 0.088457 0.077670
0 0.281823 0.622438 0.048004 0.088457
0 0.458468 0.683927 0.086300 0.076232
0 0.549353 0.712334 0.048004 0.081266
0 0.543959 0.541532 0.049083 0.060410
0 0.422600 0.601223 0.066343 0.081985
0 0.466559 0.502697 0.097087 0.060410
0 0.280744 0.083064 0.044768 0.049622
0 0.650755 0.182668 0.057713 0.054657
0 0.596548 0.245955 0.033441 0.077670
1 0.815534 0.345559 0.058252 0.079827
0 0.924218 0.521036 0.037217 0.074074
0 0.942826 0.619202 0.046386 0.086300
0 0.782093 0.661992 0.042071 0.081266
0 0.631607 0.548364 0.047465 0.066882
0 0.687433 0.505933 0.060949 0.059691
