2 0.369922 0.253646 0.021094 0.073958
2 0.697266 0.696875 0.024219 0.083333
2 0.790234 0.398958 0.024219 0.066667
2 0.569531 0.846354 0.034375 0.078125
2 0.818750 0.397396 0.026562 0.069792
2 0.322656 0.462500 0.025000 0.075000
2 0.346484 0.060937 0.024219 0.071875
2 0.933984 0.541146 0.028906 0.071875
1 0.602344 0.392188 0.079687 0.057292
2 0.676562 0.367188 0.020313 0.063542
2 0.721875 0.064062 0.018750 0.065625
2 0.701172 0.055729 0.014844 0.065625
1 0.371875 0.427604 0.131250 0.101042
2 0.780859 0.131250 0.041406 0.262500
2 0.309375 0.881250 0.032813 0.083333
2 0.467969 0.415104 0.021875 0.067708
2 0.717969 0.587500 0.032813 0.079167
1 0.769922 0.352083 0.039844 0.102083
2 0.695523 0.528227 0.062028 0.056814
2 0.647519 0.567062 0.046926 0.066882
2 0.558252 0.551960 0.055016 0.066882
1 0.822546 0.370011 0.051780 0.079827
2 0.949029 0.640777 0.048004 0.089177
2 0.784520 0.685005 0.060949 0.114347
2 0.560949 0.721683 0.059331 0.108594
2 0.477077 0.699389 0.084682 0.095649
2 0.448759 0.615606 0.083064 0.089177
2 0.463323 0.516001 0.098166 0.082704
1 0.265372 0.536857 0.084142 0.158936
2 0.296656 0.632506 0.046386 0.097087
2 0.317961 0.731032 0.092233 0.061129
2 0.294768 0.094211 0.052319 0.070478
2 0.666936 0.194175 0.057713 0.050342
2 0.608684 0.256742 0.051241 0.081985
