2 0.569141 0.822396 0.036719 0.078125
2 0.372266 0.225521 0.021094 0.073958
2 0.323437 0.432812 0.025000 0.071875
2 0.823047 0.371354 0.027344 0.071875
2 0.793750 0.373958 0.025000 0.066667
2 0.678906 0.341146 0.018750 0.065625
2 0.348047 0.035417 0.024219 0.070833
2 0.699609 0.670833 0.024219 0.081250
2 0.705859 0.027604 0.014844 0.055208
2 0.717187 0.551562 0.028125 0.063542
2 0.469141 0.385417 0.021094 0.068750
1 0.604688 0.363021 0.082812 0.057292
2 0.307812 0.857292 0.034375 0.083333
2 0.678516 0.320312 0.019531 0.023958
1 0.772656 0.327083 0.042188 0.102083
2 0.726953 0.037500 0.017969 0.060417
2 0.614062 0.235417 0.020313 0.066667
1 0.828516 0.346354 0.041406 0.073958
1 0.371875 0.401042 0.129688 0.106250
2 0.783594 0.130729 0.039062 0.261458
2 0.451562 0.861979 0.048438 0.071875
2 0.791406 0.655208 0.032813 0.056250
2 0.432422 0.868750 0.008594 0.022917
2 0.942557 0.514563 0.028587 0.101402
2 0.951456 0.621719 0.033441 0.099964
2 0.560140 0.709457 0.063107 0.094211
2 0.475189 0.675656 0.074434 0.089896
2 0.442287 0.593312 0.062567 0.083423
2 0.560949 0.522474 0.061489 0.062567
2 0.471413 0.474649 0.086300 0.081985
1 0.260248 0.503056 0.084682 0.164689
2 0.295307 0.602301 0.056634 0.092772
2 0.315534 0.711615 0.091694 0.075512
2 0.699838 0.498741 0.071737 0.051061
2 0.647519 0.535419 0.052319 0.076951
2 0.672060 0.173679 0.058252 0.051061
2 0.293959 0.073355 0.050701 0.056095
