0 0.369531 0.232292 0.021875 0.072917
0 0.794141 0.377083 0.025781 0.068750
0 0.938281 0.529167 0.028125 0.058333
0 0.322656 0.442188 0.026562 0.073958
0 0.719922 0.554688 0.032031 0.057292
0 0.824219 0.375000 0.026562 0.070833
1 0.371484 0.409375 0.130469 0.104167
0 0.344141 0.041146 0.022656 0.073958
0 0.704297 0.030729 0.016406 0.061458
0 0.569141 0.830729 0.036719 0.078125
0 0.678125 0.348958 0.020313 0.068750
0 0.614062 0.238021 0.020313 0.059375
1 0.829688 0.347917 0.039062 0.072917
0 0.723828 0.034896 0.019531 0.067708
0 0.307422 0.867708 0.036719 0.083333
0 0.292969 0.615104 0.032813 0.084375
0 0.468750 0.393750 0.021875 0.066667
1 0.773828 0.330208 0.042969 0.102083
0 0.952734 0.608854 0.030469 0.105208
0 0.791797 0.661979 0.032031 0.055208
0 0.700391 0.678646 0.024219 0.086458
0 0.377734 0.236979 0.005469 0.061458
0 0.569141 0.697917 0.013281 0.045833
1 0.603020 0.369651 0.079827 0.070478
0 0.556634 0.527508 0.062567 0.089896
0 0.479504 0.493707 0.102481 0.064006
0 0.466289 0.683207 0.088997 0.106437
0 0.449569 0.599784 0.088997 0.092053
1 0.266451 0.515642 0.057174 0.195613
0 0.298004 0.077670 0.048004 0.058972
0 0.672060 0.177274 0.057174 0.046746
0 0.317422 0.723481 0.079288 0.069040
0 0.702265 0.512765 0.090615 0.057533
0 0.661543 0.550521 0.046926 0.069759
