0 0.366406 0.245312 0.021875 0.073958
0 0.820312 0.381771 0.026562 0.071875
0 0.567969 0.839063 0.035937 0.078125
0 0.790234 0.383333 0.027344 0.068750
0 0.319531 0.453646 0.025000 0.073958
1 0.370703 0.418229 0.133594 0.101042
0 0.716406 0.558333 0.029687 0.047917
0 0.340234 0.052604 0.022656 0.071875
0 0.936328 0.532292 0.028906 0.064583
0 0.466016 0.402083 0.021094 0.070833
0 0.720313 0.047396 0.018750 0.063542
0 0.700000 0.038542 0.015625 0.062500
0 0.676172 0.354687 0.021094 0.065625
0 0.307031 0.877083 0.037500 0.081250
1 0.602734 0.378646 0.080469 0.057292
0 0.676953 0.327083 0.008594 0.010417
1 0.770703 0.337500 0.042969 0.102083
1 0.825782 0.346638 0.048544 0.093492
0 0.941748 0.637900 0.064725 0.116505
0 0.695254 0.678892 0.043150 0.103560
0 0.784790 0.667026 0.085221 0.115786
0 0.644283 0.554477 0.039374 0.077670
0 0.700108 0.520316 0.076591 0.061129
0 0.558252 0.544408 0.052859 0.097807
0 0.469525 0.495865 0.104099 0.068321
1 0.259978 0.531104 0.089536 0.174757
0 0.316613 0.722042 0.091694 0.090615
0 0.293689 0.620280 0.063107 0.101402
0 0.443096 0.605897 0.079288 0.089896
0 0.469256 0.682488 0.092772 0.097807
0 0.562837 0.717008 0.046926 0.112190
0 0.290992 0.093132 0.042611 0.065444
0 0.665858 0.189860 0.059871 0.057533
0 0.610032 0.241999 0.042071 0.081266
