0 0.373047 0.219271 0.022656 0.073958
0 0.323437 0.428125 0.025000 0.077083
1 0.605469 0.359896 0.082812 0.055208
0 0.795703 0.370312 0.025781 0.065625
0 0.825391 0.368750 0.027344 0.070833
0 0.682031 0.337500 0.018750 0.064583
0 0.303906 0.853125 0.034375 0.085417
0 0.708203 0.029687 0.016406 0.059374
0 0.615234 0.233333 0.017969 0.066667
0 0.716016 0.550000 0.030469 0.064583
0 0.727344 0.033333 0.023438 0.066667
0 0.681641 0.318750 0.016406 0.027083
0 0.952344 0.607292 0.029687 0.100000
1 0.372656 0.394792 0.129688 0.100000
0 0.291797 0.600521 0.032031 0.084375
0 0.349609 0.032292 0.024219 0.064583
1 0.783203 0.322396 0.057031 0.103125
0 0.699219 0.667708 0.023438 0.081250
1 0.831250 0.343229 0.039062 0.076042
0 0.938511 0.517799 0.056095 0.089177
0 0.667476 0.165049 0.055556 0.042431
0 0.298274 0.063287 0.045307 0.057533
1 0.264563 0.500539 0.079288 0.168285
0 0.313916 0.700827 0.085221 0.061129
0 0.468716 0.667745 0.099245 0.085581
0 0.437163 0.591514 0.084682 0.084142
0 0.478425 0.472492 0.098166 0.080547
0 0.553937 0.517080 0.069040 0.083423
0 0.476537 0.385473 0.052319 0.090615
0 0.703883 0.498741 0.073355 0.058252
0 0.641316 0.526070 0.055016 0.087019
0 0.560140 0.702985 0.055556 0.107156
0 0.565804 0.823445 0.043150 0.089177
0 0.792611 0.653003 0.064186 0.099245
