2 0.582031 0.825521 0.032813 0.078125
2 0.811328 0.368229 0.027344 0.067708
2 0.801562 0.115104 0.040625 0.230208
2 0.732031 0.549479 0.039062 0.065625
2 0.385547 0.216667 0.024219 0.072917
2 0.334375 0.429167 0.028125 0.077083
2 0.577344 0.703646 0.029687 0.073958
1 0.619531 0.357292 0.084375 0.058333
2 0.840234 0.365625 0.027344 0.068750
1 0.790234 0.320312 0.042969 0.103125
2 0.360938 0.031771 0.023438 0.063542
2 0.722656 0.028646 0.018750 0.057292
2 0.483203 0.382812 0.024219 0.076042
2 0.740625 0.030208 0.025000 0.060416
2 0.715234 0.671875 0.025781 0.087500
2 0.801953 0.661458 0.019531 0.050000
2 0.873828 0.420833 0.030469 0.052083
2 0.317578 0.860938 0.038281 0.084375
1 0.816797 0.320833 0.097656 0.106250
1 0.273732 0.501978 0.072816 0.171161
2 0.300971 0.589356 0.043150 0.140237
2 0.328209 0.706940 0.093312 0.084862
2 0.482470 0.672060 0.109493 0.084142
2 0.453074 0.595469 0.087379 0.097807
2 0.489213 0.478605 0.102481 0.059691
2 0.570658 0.524991 0.064725 0.071917
1 0.389428 0.386192 0.145631 0.119382
2 0.312837 0.078749 0.063646 0.082704
2 0.687433 0.171521 0.077131 0.062567
2 0.621090 0.218626 0.073894 0.107875
2 0.957120 0.514923 0.038296 0.087738
2 0.964132 0.623517 0.054477 0.116505
2 0.709817 0.495146 0.103560 0.045307
2 0.672060 0.533621 0.045307 0.084862
2 0.698759 0.347357 0.033981 0.077670
