0 0.365625 0.219792 0.021875 0.075000
0 0.796094 0.367708 0.026562 0.068750
0 0.567187 0.834375 0.035937 0.079167
0 0.316406 0.432812 0.025000 0.076042
0 0.942969 0.527604 0.028125 0.055208
0 0.825781 0.367708 0.028125 0.072917
1 0.604297 0.361458 0.083594 0.060417
0 0.339844 0.032292 0.023438 0.064583
0 0.700000 0.677083 0.025000 0.087500
0 0.705469 0.023958 0.014063 0.047917
0 0.719141 0.551042 0.033594 0.062500
1 0.775391 0.320312 0.042969 0.103125
0 0.726172 0.028125 0.021094 0.056250
1 0.368359 0.397917 0.136719 0.108333
0 0.577344 0.409896 0.031250 0.051042
0 0.957031 0.622396 0.029687 0.071875
1 0.752344 0.325000 0.004687 0.014583
1 0.832422 0.332292 0.039844 0.062500
0 0.715625 0.024479 0.010937 0.048958
0 0.816406 0.352083 0.010937 0.041667
0 0.289105 0.063287 0.056095 0.071917
0 0.671521 0.161812 0.062567 0.057533
0 0.612729 0.231571 0.043150 0.080547
0 0.462783 0.380079 0.046386 0.092772
1 0.254854 0.508091 0.072816 0.176196
0 0.286677 0.610931 0.041532 0.085581
0 0.433387 0.596908 0.090076 0.094930
0 0.456580 0.679612 0.104099 0.103560
0 0.305286 0.714491 0.108954 0.074074
0 0.306634 0.872348 0.060949 0.115067
0 0.791532 0.657318 0.079288 0.097807
0 0.649676 0.544408 0.054477 0.079108
0 0.706041 0.501259 0.089536 0.063287
0 0.557713 0.529306 0.064725 0.077670
0 0.474380 0.478605 0.108414 0.076951
0 0.555286 0.712693 0.067422 0.112190
0 0.674757 0.339087 0.040992 0.088457
