0 0.672266 0.343229 0.024219 0.094792
0 0.222656 0.558854 0.029687 0.046875
1 0.237109 0.815104 0.099219 0.105208
0 0.698047 0.351042 0.028906 0.089583
0 0.541797 0.625521 0.025781 0.084375
0 0.130859 0.852083 0.038281 0.095833
0 0.221875 0.586979 0.031250 0.103125
0 0.610938 0.780729 0.026562 0.094792
0 0.673438 0.314583 0.018750 0.035417
1 0.182812 0.818229 0.132812 0.115625
0 0.769531 0.816667 0.039062 0.085417
0 0.765234 0.565104 0.044531 0.130208
0 0.809375 0.809375 0.039062 0.091667
0 0.697656 0.319271 0.029687 0.026042
0 0.127344 0.818229 0.031250 0.028125
0 0.190625 0.320833 0.031250 0.097917
0 0.526563 0.201042 0.021875 0.072917
0 0.851172 0.878646 0.041406 0.065625
0 0.917188 0.822396 0.120313 0.144792
1 0.667578 0.268750 0.210156 0.125000
0 0.322266 0.804688 0.032031 0.057292
