0 0.175391 0.357812 0.147656 0.215625
0 0.464062 0.326042 0.025000 0.089583
0 0.085547 0.614062 0.022656 0.080208
0 0.422266 0.596875 0.028906 0.087500
0 0.166406 0.197917 0.128125 0.220833
0 0.851172 0.766667 0.047656 0.131250
1 0.186719 0.600000 0.125000 0.104167
0 0.227344 0.189062 0.073438 0.121875
0 0.208984 0.172917 0.042969 0.170833
0 0.401172 0.314583 0.016406 0.035417
1 0.219141 0.609896 0.063281 0.082292
0 0.595313 0.363021 0.057813 0.226042
0 0.798828 0.947917 0.025781 0.102083
0 0.252734 0.247917 0.130469 0.168750
0 0.399609 0.353646 0.024219 0.121875
