0 0.439453 0.494792 0.033594 0.102083
0 0.417187 0.226042 0.034375 0.112500
0 0.787500 0.139063 0.023438 0.080208
0 0.783203 0.607292 0.028906 0.089583
0 0.802344 0.794792 0.032813 0.089583
0 0.283203 0.738021 0.036719 0.092708
0 0.981250 0.876563 0.035937 0.130208
1 0.416406 0.770312 0.082812 0.040625
0 0.955859 0.333854 0.032031 0.098958
0 0.935156 0.320833 0.026562 0.104167
1 0.417578 0.731771 0.085156 0.117708
0 0.936719 0.300521 0.021875 0.063542
0 0.942578 0.300521 0.010156 0.063542
0 0.957031 0.309375 0.028125 0.045833
1 0.366797 0.769792 0.139844 0.039583
0 0.285156 0.766146 0.032813 0.032292
0 0.785156 0.828646 0.014063 0.007292
0 0.943750 0.878646 0.051562 0.101042
1 0.478516 0.263021 0.074219 0.063542
0 0.799219 0.848437 0.015625 0.044792
1 0.357031 0.725521 0.159375 0.132292
0 0.488281 0.775000 0.035937 0.050000
0 0.326953 0.247396 0.028906 0.034375
0 0.616797 0.827604 0.014844 0.009375
0 0.798828 0.777604 0.025781 0.055208
0 0.948047 0.838542 0.094531 0.177083
