0 0.457031 0.380729 0.032813 0.103125
0 0.298828 0.609375 0.035156 0.104167
0 0.789844 0.506250 0.026562 0.089583
0 0.502734 0.627083 0.035156 0.104167
0 0.935156 0.234375 0.028125 0.100000
1 0.387500 0.191146 0.025000 0.071875
0 0.444531 0.116667 0.034375 0.097917
0 0.954688 0.259375 0.034375 0.145833
0 0.811328 0.669792 0.035156 0.095833
0 0.986719 0.769271 0.025000 0.109375
0 0.952734 0.295312 0.030469 0.090625
1 0.503125 0.155729 0.075000 0.051042
0 0.153516 0.789583 0.072656 0.079167
0 0.943359 0.233854 0.011719 0.098958
0 0.800000 0.686458 0.023438 0.108333
0 0.951562 0.778646 0.046875 0.057292
0 0.350391 0.807813 0.049219 0.048958
1 0.515625 0.283333 0.081250 0.047917
1 0.424219 0.601562 0.098437 0.119792
0 0.783594 0.539062 0.056250 0.078125
0 0.352344 0.673958 0.048438 0.104167
0 0.139063 0.773438 0.046875 0.111458
