0 0.460547 0.523438 0.028906 0.088542
0 0.755469 0.493229 0.026562 0.073958
0 0.041406 0.812500 0.042188 0.125000
0 0.485547 0.307812 0.027344 0.048958
0 0.488672 0.105729 0.025781 0.076042
0 0.320703 0.478646 0.025781 0.073958
1 0.239453 0.489063 0.103906 0.123958
1 0.393359 0.521875 0.086719 0.043750
0 0.154688 0.553646 0.031250 0.082292
0 0.691797 0.625521 0.025781 0.088542
0 0.042188 0.215625 0.084375 0.231250
0 0.776172 0.773958 0.030469 0.047917
0 0.786328 0.778646 0.050781 0.057292
1 0.231250 0.526042 0.087500 0.052083
0 0.285547 0.612500 0.027344 0.043750
1 0.380469 0.483333 0.112500 0.120833
0 0.820703 0.788021 0.033594 0.076042
0 0.146484 0.969271 0.136719 0.059375
