0 0.776563 0.620833 0.035937 0.095833
0 0.962500 0.817187 0.042188 0.101042
0 0.623828 0.561458 0.025781 0.041667
0 0.562891 0.449479 0.024219 0.080208
0 0.337500 0.630729 0.034375 0.094792
0 0.818359 0.620313 0.035156 0.096875
0 0.248047 0.420833 0.030469 0.095833
0 0.860547 0.690104 0.042969 0.069792
0 0.065625 0.833333 0.082812 0.166667
0 0.153906 0.676042 0.037500 0.081250
0 0.617578 0.561979 0.013281 0.040625
0 0.698438 0.175000 0.029687 0.085417
0 0.624609 0.586458 0.025781 0.089583
0 0.676172 0.169271 0.024219 0.088542
0 0.475000 0.681771 0.039062 0.065625
1 0.246484 0.645833 0.117969 0.129167
0 0.805469 0.610938 0.012500 0.098958
0 0.617969 0.585938 0.012500 0.088542
1 0.758984 0.565625 0.069531 0.131250
1 0.196875 0.644271 0.104688 0.121875
0 0.955469 0.935937 0.057813 0.126042
0 0.526172 0.859375 0.024219 0.095833
0 0.527734 0.047396 0.019531 0.061458
0 0.310937 0.767708 0.232813 0.129167
1 0.523438 0.611979 0.109375 0.071875
0 0.036328 0.701042 0.072656 0.264583
0 0.015625 0.807813 0.031250 0.115625
0 0.782031 0.852604 0.064062 0.205208
0 0.949609 0.909896 0.042969 0.071875
1 0.833594 0.586458 0.057813 0.091667
0 0.222266 0.808333 0.053906 0.116667
0 0.967578 0.799479 0.028906 0.065625
