0 0.794922 0.369792 0.030469 0.093750
0 0.324219 0.508854 0.032813 0.103125
0 0.758203 0.380729 0.028906 0.094792
0 0.412891 0.929167 0.075781 0.112500
0 0.134766 0.625521 0.044531 0.109375
0 0.172266 0.321875 0.030469 0.104167
0 0.985938 0.505208 0.026562 0.104167
0 0.113281 0.072917 0.029687 0.100000
0 0.598437 0.381250 0.023438 0.091667
0 0.850391 0.422396 0.035156 0.065625
0 0.480078 0.285417 0.024219 0.070833
1 0.176953 0.571354 0.144531 0.142708
0 0.027734 0.875000 0.055469 0.245833
1 0.503516 0.442188 0.116406 0.086458
0 0.121875 0.879167 0.056250 0.114583
0 0.950391 0.495833 0.049219 0.091667
0 0.864062 0.961979 0.060937 0.073958
1 0.240234 0.560937 0.105469 0.121875
0 0.811719 0.873958 0.123438 0.247917
1 0.783594 0.335938 0.056250 0.067708
