0 0.419922 0.597396 0.033594 0.117708
0 0.421484 0.560417 0.035156 0.043750
0 0.912109 0.291667 0.024219 0.081250
1 0.789062 0.825521 0.078125 0.086458
1 0.444531 0.879167 0.139063 0.143750
0 0.379688 0.277604 0.039062 0.109375
0 0.942187 0.308854 0.031250 0.103125
0 0.880078 0.790104 0.027344 0.080208
0 0.320703 0.928646 0.042969 0.103125
0 0.774219 0.622917 0.023438 0.093750
0 0.289844 0.319792 0.031250 0.025000
1 0.826953 0.315625 0.117969 0.033333
0 0.383594 0.294271 0.017188 0.088542
0 0.867578 0.825000 0.024219 0.014583
0 0.873828 0.826042 0.011719 0.012500
0 0.758594 0.142708 0.025000 0.083333
1 0.758594 0.827604 0.106250 0.090625
1 0.368359 0.884896 0.136719 0.138542
0 0.948438 0.296354 0.021875 0.071875
0 0.757031 0.351562 0.014063 0.132292
