0 0.366406 0.631771 0.042188 0.117708
0 0.525000 0.357292 0.035937 0.116667
0 0.605469 0.626563 0.037500 0.119792
0 0.523047 0.316146 0.028906 0.032292
0 0.500000 0.066146 0.035937 0.111458
0 0.881641 0.469792 0.027344 0.097917
0 0.947266 0.639062 0.019531 0.105208
0 0.380859 0.632812 0.011719 0.088542
0 0.758594 0.719271 0.045312 0.082292
1 0.787500 0.644792 0.048438 0.087500
1 0.823438 0.645312 0.120313 0.088542
1 0.469531 0.610938 0.187500 0.134375
0 0.203906 0.537500 0.090625 0.089583
0 0.607812 0.574479 0.021875 0.015625
0 0.183984 0.661458 0.130469 0.320833
0 0.946094 0.517708 0.017188 0.035417
