0 0.067969 0.614062 0.035937 0.111458
0 0.450391 0.637500 0.030469 0.097917
0 0.617969 0.286458 0.037500 0.091667
0 0.399609 0.125000 0.025781 0.087500
0 0.510938 0.813021 0.034375 0.038542
0 0.590625 0.300000 0.032813 0.100000
0 0.510938 0.847396 0.034375 0.109375
0 0.814063 0.971354 0.053125 0.055208
0 0.764453 0.891667 0.047656 0.110417
0 0.616406 0.299479 0.015625 0.098958
0 0.163672 0.887500 0.046094 0.089583
1 0.068359 0.880729 0.136719 0.126042
0 0.062109 0.569792 0.025781 0.025000
0 0.753125 0.853646 0.023438 0.071875
