0 0.781641 0.579688 0.038281 0.109375
0 0.737109 0.586979 0.038281 0.107292
0 0.786328 0.554167 0.030469 0.056250
0 0.559375 0.550521 0.028125 0.063542
0 0.607031 0.104688 0.031250 0.090625
0 0.466406 0.424479 0.028125 0.088542
0 0.122656 0.439063 0.032813 0.109375
0 0.071484 0.170833 0.033594 0.108333
0 0.581250 0.104688 0.023438 0.101042
1 0.448828 0.616667 0.121094 0.089583
0 0.568359 0.570833 0.011719 0.095833
1 0.119531 0.690625 0.185938 0.154167
0 0.971094 0.791146 0.043750 0.082292
0 0.244922 0.668229 0.038281 0.094792
0 0.049219 0.744792 0.045312 0.100000
0 0.739062 0.558333 0.034375 0.047917
0 0.973828 0.916146 0.050781 0.157292
1 0.024609 0.265625 0.049219 0.106250
1 0.782813 0.544792 0.057813 0.089583
0 0.053125 0.770833 0.039062 0.041667
1 0.207813 0.951042 0.082812 0.095833
