0 0.499219 0.553646 0.023438 0.057292
0 0.591016 0.701042 0.025781 0.093750
0 0.790625 0.691146 0.032813 0.094792
0 0.614453 0.265625 0.019531 0.089583
0 0.184766 0.597396 0.032031 0.096875
0 0.126172 0.348438 0.038281 0.101042
0 0.183203 0.565625 0.030469 0.033333
0 0.597266 0.263542 0.022656 0.095833
0 0.622656 0.280208 0.018750 0.060417
0 0.459375 0.813021 0.035937 0.038542
0 0.121484 0.315104 0.028906 0.034375
0 0.964453 0.852604 0.042969 0.096875
1 0.794141 0.651042 0.055469 0.093750
0 0.751563 0.705208 0.032813 0.087500
1 0.234375 0.814583 0.093750 0.129167
1 0.180469 0.822396 0.137500 0.142708
1 0.721484 0.646354 0.055469 0.138542
1 0.571484 0.785937 0.017969 0.084375
0 0.132812 0.875521 0.042188 0.082292
0 0.193750 0.604688 0.012500 0.086458
