0 0.494531 0.509375 0.035937 0.104167
0 0.395703 0.793750 0.041406 0.087500
0 0.953125 0.250000 0.031250 0.095833
1 0.478125 0.783854 0.173437 0.067708
0 0.930859 0.241667 0.024219 0.087500
0 0.888281 0.693750 0.035937 0.100000
0 0.447266 0.238021 0.035156 0.094792
0 0.602344 0.770833 0.028125 0.041667
1 0.470313 0.755208 0.189062 0.127083
1 0.968359 0.220312 0.061719 0.221875
1 0.874219 0.218750 0.248438 0.220833
0 0.759375 0.800521 0.018750 0.063542
0 0.817578 0.535937 0.024219 0.088542
0 0.236328 0.747396 0.097656 0.169792
0 0.231641 0.873958 0.088281 0.247917
0 0.747266 0.798958 0.042969 0.066667
0 0.876953 0.876563 0.244531 0.244792
