0 0.512500 0.594271 0.032813 0.103125
0 0.511719 0.562500 0.029687 0.039583
0 0.885938 0.807813 0.028125 0.048958
0 0.483594 0.325000 0.032813 0.106250
0 0.883984 0.831771 0.032031 0.096875
0 0.841797 0.666146 0.024219 0.084375
0 0.991797 0.389583 0.014844 0.093750
0 0.981641 0.373958 0.032031 0.089583
1 0.461719 0.826562 0.173437 0.117708
0 0.210156 0.775000 0.078125 0.114583
0 0.203906 0.874479 0.090625 0.248958
1 0.403125 0.824479 0.067187 0.113542
0 0.399609 0.352604 0.027344 0.030208
0 0.585156 0.816146 0.034375 0.032292
