0 0.340234 0.549479 0.032031 0.065625
0 0.382812 0.776563 0.051562 0.111458
0 0.392188 0.821354 0.034375 0.142708
0 0.761719 0.391146 0.021875 0.086458
0 0.209766 0.751042 0.035156 0.085417
0 0.775391 0.403646 0.024219 0.094792
0 0.253125 0.796875 0.045312 0.070833
0 0.322266 0.331250 0.028906 0.083333
0 0.211719 0.770833 0.031250 0.041667
0 0.628516 0.251563 0.017969 0.067708
0 0.636719 0.657292 0.026562 0.083333
0 0.812109 0.858333 0.036719 0.104167
1 0.773047 0.782292 0.077344 0.100000
1 0.278516 0.743750 0.139844 0.104167
0 0.080859 0.876563 0.039844 0.080208
0 0.771875 0.825000 0.079687 0.150000
0 0.640625 0.785937 0.032813 0.071875
0 0.478125 0.820833 0.021875 0.022917
1 0.289844 0.772396 0.115625 0.044792
0 0.885547 0.663021 0.114844 0.326042
0 0.949609 0.389062 0.024219 0.267708
0 0.575781 0.823958 0.046875 0.118750
0 0.468359 0.981771 0.025781 0.034375
0 0.478125 0.840104 0.043750 0.061458
