0 0.325000 0.390625 0.026562 0.083333
0 0.567578 0.628125 0.027344 0.072917
0 0.728516 0.277083 0.030469 0.089583
0 0.728906 0.805729 0.043750 0.053125
0 0.329297 0.602604 0.039844 0.140625
0 0.597656 0.514062 0.025000 0.080208
0 0.607812 0.129167 0.015625 0.064583
1 0.219531 0.546354 0.059375 0.092708
0 0.712891 0.765625 0.024219 0.031250
0 0.968359 0.667188 0.061719 0.330208
0 0.184375 0.554167 0.026562 0.075000
0 0.328516 0.557813 0.028906 0.048958
1 0.252344 0.552083 0.128125 0.104167
1 0.756641 0.756771 0.038281 0.013542
0 0.688672 0.720833 0.074219 0.112500
0 0.175781 0.875521 0.145313 0.246875
0 0.382422 0.788542 0.014844 0.087500
