0 0.359766 0.526563 0.044531 0.111458
0 0.639453 0.966667 0.049219 0.064583
0 0.615625 0.442188 0.017188 0.082292
0 0.248047 0.538021 0.042969 0.076042
0 0.739453 0.202604 0.028906 0.082292
0 0.950391 0.164062 0.025781 0.328125
0 0.032813 0.838542 0.064062 0.127083
0 0.352734 0.318229 0.028906 0.028125
0 0.024609 0.803646 0.046094 0.057292
0 0.741797 0.851562 0.055469 0.128125
0 0.345703 0.131250 0.027344 0.072917
0 0.690234 0.947917 0.055469 0.079167
0 0.083594 0.593229 0.034375 0.076042
0 0.218359 0.497917 0.030469 0.072917
0 0.438281 0.568750 0.021875 0.027083
0 0.352344 0.332813 0.032813 0.078125
0 0.946484 0.327604 0.017969 0.155208
1 0.297656 0.519792 0.092188 0.039583
0 0.660547 0.414062 0.083594 0.169792
0 0.441797 0.729688 0.052344 0.080208
0 0.521484 0.570833 0.036719 0.022917
1 0.269141 0.492188 0.161719 0.094792
0 0.708203 0.630729 0.069531 0.098958
0 0.764453 0.553646 0.028906 0.057292
0 0.760156 0.832812 0.020313 0.094792
0 0.233984 0.969792 0.092969 0.058333
0 0.238672 0.969792 0.021094 0.058333
0 0.358984 0.681250 0.058594 0.125000
0 0.587109 0.828125 0.074219 0.156250
0 0.397266 0.740625 0.044531 0.183333
0 0.733984 0.553125 0.089844 0.058333
0 0.521875 0.621354 0.043750 0.123958
0 0.340234 0.843229 0.161719 0.186458
0 0.230859 0.783333 0.036719 0.097917
0 0.255859 0.716667 0.136719 0.229167
