0 0.534375 0.232813 0.029687 0.103125
0 0.421484 0.496354 0.025781 0.076042
0 0.132812 0.423438 0.026562 0.082292
0 0.016406 0.627604 0.029687 0.073958
0 0.393359 0.647917 0.025781 0.079167
0 0.514453 0.732812 0.030469 0.101042
0 0.393750 0.093229 0.018750 0.067708
1 0.546875 0.667188 0.117188 0.151042
0 0.108984 0.206771 0.027344 0.080208
0 0.151562 0.623437 0.032813 0.078125
0 0.515234 0.766667 0.027344 0.033333
0 0.207422 0.904167 0.039844 0.187500
0 0.563672 0.744792 0.028906 0.100000
0 0.162891 0.833333 0.052344 0.166667
1 0.598828 0.713021 0.050781 0.105208
0 0.233594 0.703125 0.031250 0.062500
1 0.602734 0.757292 0.044531 0.014583
0 0.561328 0.772396 0.024219 0.044792
0 0.430859 0.528125 0.011719 0.056250
0 0.957812 0.957292 0.040625 0.083333
1 0.117578 0.610417 0.221094 0.100000
0 0.077344 0.754687 0.154688 0.155208
0 0.069141 0.874479 0.138281 0.246875
