0 0.811719 0.559375 0.026562 0.085417
0 0.486719 0.455729 0.035937 0.096875
0 0.972266 0.298958 0.028906 0.097917
0 0.468359 0.195833 0.033594 0.097917
0 0.203125 0.872396 0.031250 0.098958
0 0.838281 0.729167 0.034375 0.093750
0 0.342578 0.695833 0.041406 0.097917
0 0.541406 0.698438 0.035937 0.092708
0 0.952344 0.291667 0.020313 0.083333
1 0.442969 0.674479 0.135937 0.126042
0 0.815234 0.123958 0.019531 0.072917
0 0.666406 0.795312 0.042188 0.073958
0 0.157812 0.789583 0.048438 0.079167
1 0.233594 0.797917 0.092188 0.095833
