0 0.750391 0.796875 0.041406 0.093750
0 0.437109 0.601042 0.028906 0.087500
0 0.760547 0.783333 0.021094 0.100000
0 0.023047 0.304688 0.024219 0.057292
0 0.701172 0.788542 0.039844 0.089583
0 0.579297 0.265625 0.035156 0.106250
0 0.556250 0.261979 0.029687 0.111458
0 0.511328 0.767188 0.033594 0.096875
0 0.024609 0.328125 0.027344 0.104167
0 0.380469 0.132292 0.010937 0.068750
0 0.806250 0.867188 0.050000 0.080208
0 0.583594 0.283333 0.023438 0.066667
0 0.184375 0.820312 0.037500 0.023958
0 0.080078 0.606771 0.036719 0.109375
0 0.074609 0.567187 0.027344 0.030208
0 0.187891 0.852083 0.044531 0.089583
1 0.675000 0.722396 0.075000 0.165625
1 0.078516 0.858333 0.157031 0.129167
0 0.012500 0.903646 0.025000 0.078125
0 0.374219 0.131250 0.023438 0.068750
1 0.417187 0.811458 0.084375 0.087500
0 0.429297 0.608854 0.014844 0.103125
0 0.950391 0.978646 0.025781 0.040625
