0 0.702734 0.505729 0.033594 0.098958
0 0.739453 0.523958 0.027344 0.047917
0 0.742578 0.497396 0.035156 0.101042
0 0.538672 0.071354 0.022656 0.078125
0 0.069922 0.141146 0.030469 0.101042
0 0.535937 0.498958 0.025000 0.089583
0 0.564453 0.075521 0.028906 0.080208
1 0.433203 0.549479 0.113281 0.084375
0 0.116797 0.402604 0.030469 0.109375
0 0.938672 0.653125 0.042969 0.108333
0 0.308203 0.990625 0.016406 0.016667
0 0.433203 0.380208 0.024219 0.083333
0 0.950781 0.738021 0.040625 0.073958
1 0.124219 0.641667 0.178125 0.156250
0 0.681250 0.873958 0.235937 0.247917
0 0.058203 0.690104 0.041406 0.103125
0 0.239453 0.604688 0.019531 0.109375
1 0.742578 0.466667 0.057031 0.083333
0 0.948047 0.647917 0.021094 0.108333
0 0.182422 0.875000 0.133594 0.247917
0 0.239453 0.566146 0.019531 0.032292
0 0.766016 0.914062 0.032031 0.107292
0 0.271875 0.993229 0.014063 0.011458
1 0.666797 0.454688 0.060156 0.130208
0 0.776953 0.859896 0.053906 0.217708
0 0.755078 0.494792 0.010156 0.089583
