0 0.690625 0.376042 0.028125 0.085417
0 0.843750 0.776563 0.031250 0.086458
0 0.809766 0.790625 0.030469 0.085417
0 0.263672 0.684896 0.028906 0.096875
0 0.892578 0.815625 0.032031 0.033333
0 0.663672 0.372396 0.019531 0.090625
0 0.661719 0.787500 0.025000 0.081250
0 0.213672 0.434896 0.038281 0.107292
0 0.218750 0.959896 0.037500 0.078125
1 0.777344 0.735938 0.054688 0.128125
0 0.562109 0.657813 0.024219 0.078125
0 0.399609 0.889583 0.028906 0.083333
1 0.280078 0.911979 0.175781 0.130208
1 0.592969 0.830729 0.060937 0.071875
1 0.777344 0.775000 0.053125 0.050000
1 0.663281 0.421354 0.201563 0.321875
0 0.860938 0.765104 0.014063 0.030208
0 0.568359 0.657813 0.011719 0.076042
0 0.755859 0.551562 0.011719 0.103125
1 0.221875 0.922396 0.054688 0.105208
0 0.974219 0.905208 0.050000 0.091667
1 0.817578 0.775521 0.130469 0.051042
