0 0.438672 0.534896 0.032031 0.094792
0 0.883594 0.238542 0.020313 0.093750
0 0.351953 0.840104 0.042969 0.090625
0 0.383984 0.269271 0.038281 0.105208
0 0.773438 0.539062 0.029687 0.084375
0 0.909375 0.250000 0.026562 0.089583
0 0.708984 0.810937 0.038281 0.042708
0 0.850000 0.705729 0.032813 0.098958
0 0.305859 0.316667 0.035156 0.031250
1 0.448047 0.778646 0.146094 0.107292
0 0.429688 0.524479 0.014063 0.073958
0 0.778516 0.982812 0.022656 0.032292
1 0.972656 0.658333 0.053125 0.145833
0 0.183594 0.874479 0.096875 0.248958
1 0.780469 0.733854 0.060937 0.076042
0 0.568750 0.772396 0.012500 0.076042
0 0.389062 0.287500 0.031250 0.075000
