0 0.309375 0.404687 0.025000 0.084375
0 0.148047 0.551562 0.024219 0.061458
0 0.474219 0.735417 0.026562 0.093750
0 0.266797 0.609375 0.030469 0.087500
0 0.576953 0.582812 0.030469 0.078125
1 0.063672 0.564063 0.122656 0.123958
1 0.227734 0.566667 0.080469 0.122917
0 0.602344 0.146354 0.015625 0.071875
0 0.311719 0.180729 0.025000 0.080208
0 0.585938 0.906771 0.031250 0.098958
1 0.626563 0.816146 0.128125 0.132292
1 0.677724 0.887063 0.144533 0.140089
0 0.544124 0.860752 0.041600 0.121600
0 0.637457 0.536130 0.082133 0.082489
0 0.708924 0.334885 0.077867 0.135111
0 0.241724 0.192308 0.042667 0.064711
1 0.395324 0.695063 0.114133 0.114489
0 0.129724 0.838708 0.080000 0.059022
0 0.201190 0.852930 0.091733 0.074667
0 0.283057 0.876752 0.111467 0.085333
0 0.187590 0.953908 0.089067 0.066133
0 0.043590 0.974643 0.083733 0.050715
0 0.022462 0.773996 0.044924 0.071822
0 0.049190 0.718885 0.072533 0.069689
0 0.099324 0.690441 0.064000 0.075378
