2 0.457031 0.380729 0.032813 0.103125
2 0.298828 0.609375 0.035156 0.104167
2 0.789844 0.506250 0.026562 0.089583
2 0.502734 0.627083 0.035156 0.104167
2 0.935156 0.234375 0.028125 0.100000
2 0.444531 0.116667 0.034375 0.097917
2 0.954688 0.259375 0.034375 0.145833
2 0.811328 0.669792 0.035156 0.095833
2 0.986719 0.769271 0.025000 0.109375
2 0.952734 0.295312 0.030469 0.090625
2 0.943359 0.233854 0.011719 0.098958
2 0.951562 0.778646 0.046875 0.057292
2 0.350391 0.807813 0.049219 0.048958
2 0.139063 0.773438 0.046875 0.111458
2 0.352481 0.132327 0.053398 0.066163
1 0.385113 0.600144 0.174757 0.114347
1 0.188781 0.657677 0.131607 0.200647
2 0.103020 0.908306 0.090615 0.103560
2 0.309601 0.856886 0.116505 0.079827
2 0.279666 0.962783 0.148328 0.074434
2 0.518339 0.952895 0.125135 0.080547
2 0.631607 0.912621 0.035599 0.106437
2 0.741640 0.908306 0.133765 0.099245
1 0.700108 0.672420 0.125135 0.077670
1 0.957120 0.675656 0.069579 0.158936
2 0.870280 0.430421 0.079288 0.062567
2 0.797735 0.055016 0.047465 0.076951
