0 0.424609 0.470313 0.025781 0.078125
0 0.417969 0.625521 0.026562 0.086458
0 0.117188 0.396354 0.028125 0.088542
0 0.608594 0.715625 0.031250 0.108333
0 0.557813 0.706250 0.035937 0.108333
0 0.007031 0.619271 0.014063 0.073958
0 0.404297 0.048438 0.017969 0.067708
0 0.569141 0.706250 0.013281 0.106250
0 0.568750 0.186979 0.012500 0.092708
1 0.598047 0.639062 0.071094 0.155208
0 0.097656 0.165104 0.023438 0.082292
0 0.550000 0.190625 0.023438 0.100000
1 0.065625 0.597396 0.131250 0.103125
0 0.562500 0.194792 0.023438 0.104167
0 0.489213 0.390147 0.096009 0.053937
1 0.665858 0.674937 0.085761 0.110032
0 0.429612 0.979504 0.069579 0.038835
0 0.298274 0.963502 0.092772 0.072995
0 0.315534 0.852211 0.119741 0.061848
0 0.233279 0.853290 0.038296 0.079827
0 0.148598 0.895002 0.079288 0.071197
0 0.052859 0.771665 0.105717 0.057533
0 0.019687 0.816972 0.039374 0.073355
0 0.146170 0.609133 0.046386 0.090615
1 0.315804 0.630349 0.134304 0.069759
0 0.028587 0.201726 0.055016 0.052499
0 0.686084 0.969975 0.053937 0.060050
