0 0.366406 0.631771 0.042188 0.117708
0 0.525000 0.357292 0.035937 0.116667
0 0.605469 0.626563 0.037500 0.119792
0 0.523047 0.316146 0.028906 0.032292
0 0.500000 0.066146 0.035937 0.111458
0 0.881641 0.469792 0.027344 0.097917
0 0.947266 0.639062 0.019531 0.105208
0 0.380859 0.632812 0.011719 0.088542
1 0.823438 0.645312 0.120313 0.088542
1 0.469531 0.610938 0.187500 0.134375
1 0.243528 0.687522 0.161273 0.241640
0 0.190939 0.843581 0.101402 0.145271
0 0.407767 0.089536 0.067961 0.069759
0 0.961704 0.375764 0.070119 0.051061
0 0.868123 0.019777 0.032902 0.039554
0 0.902643 0.903991 0.098706 0.084862
0 0.796117 0.927724 0.049622 0.103560
0 0.700108 0.974290 0.096009 0.051420
0 0.416397 0.933477 0.125135 0.093492
0 0.461165 0.848256 0.118662 0.085581
