2 0.781641 0.579688 0.038281 0.109375
2 0.737109 0.586979 0.038281 0.107292
2 0.607031 0.104688 0.031250 0.090625
2 0.466406 0.424479 0.028125 0.088542
2 0.122656 0.439063 0.032813 0.109375
2 0.071484 0.170833 0.033594 0.108333
2 0.581250 0.104688 0.023438 0.101042
1 0.448828 0.616667 0.121094 0.089583
1 0.119531 0.690625 0.185938 0.154167
2 0.244922 0.668229 0.038281 0.094792
2 0.049219 0.744792 0.045312 0.100000
2 0.739062 0.558333 0.034375 0.047917
1 0.782813 0.544792 0.057813 0.089583
2 0.010518 0.222222 0.021036 0.044588
2 0.542071 0.319669 0.088457 0.058252
1 0.704153 0.510248 0.079288 0.156059
2 0.967907 0.774901 0.054477 0.122977
2 0.675027 0.929881 0.105178 0.133765
2 0.591154 0.828119 0.111111 0.088457
2 0.497573 0.877023 0.091154 0.107156
2 0.437702 0.969256 0.099784 0.061489
2 0.211435 0.916217 0.127292 0.089177
2 0.198759 0.969615 0.109493 0.060770
2 0.558792 0.575692 0.043150 0.108594
1 0.008630 0.859044 0.017260 0.183387
