0 0.512500 0.594271 0.032813 0.103125
0 0.511719 0.562500 0.029687 0.039583
0 0.483594 0.325000 0.032813 0.106250
0 0.883984 0.831771 0.032031 0.096875
0 0.841797 0.666146 0.024219 0.084375
0 0.991797 0.389583 0.014844 0.093750
0 0.981641 0.373958 0.032031 0.089583
1 0.461719 0.826562 0.173437 0.117708
0 0.399609 0.352604 0.027344 0.030208
0 0.838727 0.211794 0.040992 0.097087
0 0.915318 0.587918 0.070119 0.036677
0 0.589536 0.837109 0.037756 0.090615
0 0.376483 0.848616 0.061489 0.110752
1 0.268608 0.903092 0.121899 0.193815
1 0.775620 0.838547 0.130529 0.106437
1 0.990291 0.827041 0.019417 0.100683
