0 0.346875 0.552604 0.029687 0.059375
0 0.228125 0.545833 0.043750 0.072917
0 0.569141 0.625000 0.013281 0.085417
0 0.343750 0.169792 0.026562 0.072917
0 0.359375 0.373958 0.028125 0.077083
0 0.623437 0.491146 0.026562 0.076042
0 0.731641 0.246875 0.025781 0.064583
1 0.762675 0.712334 0.119741 0.114347
1 0.699029 0.647968 0.132686 0.138080
0 0.652373 0.706221 0.045847 0.086300
0 0.693366 0.734628 0.050162 0.102841
0 0.451456 0.933837 0.071197 0.084142
0 0.629180 0.968177 0.059871 0.063646
0 0.314725 0.975009 0.092233 0.049982
0 0.195254 0.937073 0.074434 0.058972
0 0.260518 0.788565 0.092772 0.038116
0 0.345200 0.865516 0.064725 0.068321
0 0.416127 0.786408 0.087918 0.065444
0 0.344930 0.756203 0.048004 0.088457
1 0.487055 0.608774 0.096009 0.074074
0 0.669094 0.428982 0.055556 0.043869
0 0.280744 0.200288 0.043689 0.049622
0 0.081715 0.630349 0.036138 0.099964
0 0.041262 0.706580 0.027508 0.081266
0 0.007551 0.879899 0.015102 0.138799
0 0.119741 0.768069 0.070119 0.064725
0 0.158576 0.699389 0.072276 0.042431
0 0.200647 0.661633 0.056095 0.053218
1 0.278317 0.540813 0.119741 0.084862
1 0.140237 0.560949 0.105717 0.130888
0 0.620550 0.096728 0.050162 0.095649
