2 0.542578 0.591146 0.027344 0.084375
2 0.211328 0.502604 0.032031 0.094792
2 0.542188 0.565625 0.026562 0.033333
2 0.527344 0.773958 0.029687 0.095833
2 0.673438 0.288542 0.020313 0.087500
2 0.079687 0.729688 0.034375 0.078125
2 0.183984 0.255729 0.032031 0.092708
2 0.233594 0.737500 0.031250 0.075000
2 0.688672 0.294792 0.024219 0.075000
1 0.149609 0.710417 0.152344 0.116667
2 0.518608 0.137361 0.042611 0.096368
2 0.107605 0.297375 0.033981 0.089896
2 0.602481 0.512046 0.081985 0.066163
1 0.695523 0.786408 0.142934 0.156059
1 0.779396 0.834592 0.125135 0.144552
2 0.669903 0.864797 0.047465 0.108594
2 0.732201 0.876303 0.035059 0.105717
1 0.423679 0.765912 0.142934 0.077670
2 0.313107 0.986875 0.038296 0.026250
2 0.110572 0.898238 0.092772 0.050342
2 0.067691 0.933477 0.112729 0.073355
1 0.023732 0.750090 0.047465 0.174038
