2 0.690625 0.376042 0.028125 0.085417
2 0.843750 0.776563 0.031250 0.086458
2 0.809766 0.790625 0.030469 0.085417
2 0.263672 0.684896 0.028906 0.096875
2 0.663672 0.372396 0.019531 0.090625
2 0.661719 0.787500 0.025000 0.081250
2 0.213672 0.434896 0.038281 0.107292
2 0.218750 0.959896 0.037500 0.078125
1 0.777344 0.735938 0.054688 0.128125
2 0.562109 0.657813 0.024219 0.078125
2 0.399609 0.889583 0.028906 0.083333
1 0.280078 0.911979 0.175781 0.130208
2 0.145092 0.478964 0.047465 0.070478
2 0.516721 0.258900 0.043150 0.094930
2 0.622977 0.565624 0.093851 0.058252
1 0.847087 0.729594 0.048004 0.101402
2 0.985437 0.917656 0.029126 0.063287
1 0.567961 0.833513 0.101402 0.104998
1 0.142125 0.977526 0.078209 0.044948
