0 0.097656 0.888021 0.081250 0.130208
0 0.183594 0.204687 0.035937 0.109375
0 0.973828 0.502604 0.046094 0.084375
0 0.895312 0.375000 0.050000 0.118750
0 0.397656 0.202604 0.035937 0.105208
0 0.356250 0.359375 0.037500 0.087500
0 0.943359 0.396875 0.049219 0.114583
0 0.703906 0.108333 0.026562 0.095833
0 0.019141 0.389062 0.038281 0.126042
0 0.182812 0.655208 0.026562 0.118750
0 0.609375 0.532292 0.057813 0.100000
0 0.194531 0.204687 0.014063 0.098958
0 0.733984 0.258333 0.033594 0.097917
1 0.277344 0.190625 0.179688 0.125000
0 0.193359 0.426042 0.111719 0.133333
0 0.336328 0.303646 0.144531 0.057292
0 0.985938 0.899479 0.028125 0.157292
0 0.224219 0.422396 0.073438 0.111458
1 0.603801 0.245819 0.127333 0.118222
0 0.796467 0.043153 0.074000 0.061333
0 0.828801 0.064042 0.004000 0.008889
1 0.077134 0.257819 0.127333 0.241778
0 0.166801 0.581819 0.138667 0.121778
0 0.423467 0.543153 0.124000 0.094222
0 0.547801 0.524930 0.076667 0.116444
0 0.437134 0.844042 0.080667 0.098667
0 0.681134 0.824486 0.162000 0.164444
0 0.797801 0.706708 0.063333 0.174222
1 0.890134 0.305375 0.086667 0.159111
1 0.969400 0.364042 0.061199 0.144889
0 0.653134 0.492930 0.123333 0.077333
