2 0.412109 0.217188 0.035156 0.107292
2 0.918750 0.437500 0.039062 0.112500
2 0.961719 0.266667 0.034375 0.129167
2 0.604297 0.274479 0.039844 0.109375
2 0.489844 0.422396 0.031250 0.082292
2 0.619531 0.035937 0.035937 0.071874
2 0.368359 0.416667 0.038281 0.058333
1 0.507031 0.223438 0.198437 0.155208
2 0.220067 0.636862 0.056012 0.110312
2 0.243191 0.570401 0.107400 0.078794
2 0.114979 0.458034 0.072970 0.097979
2 0.191033 0.348064 0.059609 0.117849
1 0.807682 0.382665 0.136691 0.148681
2 0.756552 0.937821 0.106372 0.124358
2 0.605216 0.652621 0.113052 0.095238
2 0.326696 0.920178 0.094553 0.091812
2 0.452338 0.625214 0.131038 0.097979
2 0.720838 0.677972 0.152107 0.119904
2 0.607785 0.721480 0.138746 0.175403
2 0.308710 0.463172 0.120247 0.105516
1 0.293551 0.240493 0.163926 0.160329
1 0.071557 0.787941 0.091984 0.135663
