2 0.772266 0.362500 0.041406 0.112500
2 0.877734 0.126562 0.033594 0.101042
2 0.108984 0.546354 0.041406 0.092708
2 0.133203 0.315625 0.030469 0.108333
2 0.639453 0.233854 0.033594 0.092708
1 0.522656 0.198958 0.179688 0.137500
2 0.393750 0.251563 0.035937 0.094792
2 0.272482 0.486811 0.057040 0.107571
2 0.334661 0.443303 0.081706 0.121960
2 0.430242 0.398767 0.085817 0.108256
2 0.454651 0.602261 0.116136 0.117849
2 0.566675 0.699555 0.122302 0.069887
2 0.648124 0.789997 0.101233 0.157588
2 0.530447 0.754025 0.134121 0.134978
2 0.245761 0.746489 0.110483 0.099349
2 0.310766 0.935081 0.169579 0.129839
1 0.902492 0.571086 0.133094 0.169236
2 0.973921 0.686879 0.046763 0.156903
2 0.588001 0.435423 0.061151 0.093868
2 0.516316 0.364508 0.088386 0.102775
1 0.727261 0.266872 0.142343 0.225420
2 0.307939 0.306612 0.084789 0.117163
