0 0.500000 0.359375 0.039062 0.110417
0 0.469531 0.543750 0.040625 0.079167
0 0.801172 0.227083 0.021094 0.100000
0 0.270313 0.362500 0.040625 0.116667
0 0.736328 0.750521 0.069531 0.161458
0 0.308203 0.886979 0.033594 0.111458
0 0.099219 0.584375 0.053125 0.127083
0 0.845313 0.407813 0.035937 0.105208
0 0.340234 0.590625 0.058594 0.056250
0 0.301172 0.792188 0.047656 0.084375
0 0.684375 0.745313 0.075000 0.132292
1 0.364466 0.337444 0.192703 0.171977
1 0.156346 0.431997 0.155704 0.258308
0 0.081064 0.748201 0.118191 0.124700
0 0.303314 0.672833 0.138232 0.112367
0 0.556655 0.752312 0.114594 0.094553
0 0.793808 0.687564 0.140802 0.085646
0 0.918936 0.883522 0.065262 0.158273
0 0.979638 0.531689 0.040725 0.098664
1 0.972443 0.425488 0.055113 0.169921
1 0.722122 0.393971 0.156732 0.124700
0 0.886305 0.151079 0.092497 0.059609
0 0.438720 0.096266 0.044193 0.130867
