2 0.390234 0.113542 0.030469 0.110417
2 0.477344 0.376042 0.039062 0.118750
2 0.776953 0.732292 0.057031 0.150000
2 0.755078 0.211458 0.027344 0.095833
2 0.239844 0.398958 0.042188 0.114583
2 0.478516 0.569271 0.044531 0.094792
2 0.821484 0.384375 0.039844 0.110417
1 0.327344 0.370312 0.218750 0.134375
2 0.092578 0.650521 0.057031 0.132292
2 0.081641 0.826562 0.086719 0.094792
1 0.966016 0.396354 0.066406 0.161458
1 0.701562 0.388542 0.126562 0.089583
1 0.126799 0.487838 0.125385 0.271326
2 0.840057 0.121274 0.085303 0.076739
2 0.976554 0.460432 0.046891 0.128811
2 0.360868 0.627612 0.112539 0.097294
2 0.313849 0.701953 0.109969 0.134978
2 0.324383 0.852004 0.153649 0.102090
2 0.359584 0.932854 0.072970 0.104830
2 0.598022 0.753340 0.103803 0.081535
2 0.701567 0.720110 0.067318 0.161699
2 0.897097 0.950497 0.110997 0.099007
