0 0.892188 0.255729 0.040625 0.109375
0 0.740234 0.521354 0.050781 0.121875
0 0.934375 0.260417 0.042188 0.108333
0 0.614062 0.054688 0.021875 0.090625
0 0.252734 0.041667 0.035156 0.083333
1 0.611328 0.229167 0.097656 0.085417
0 0.714844 0.202604 0.031250 0.105208
0 0.142578 0.338542 0.046094 0.114583
0 0.374219 0.255729 0.039062 0.113542
0 0.386719 0.802083 0.046875 0.060417
0 0.414453 0.435937 0.044531 0.103125
0 0.037500 0.620313 0.075000 0.140625
1 0.232914 0.279548 0.200925 0.167181
1 0.047919 0.449469 0.087873 0.263104
0 0.064620 0.820144 0.122302 0.108256
0 0.308967 0.774580 0.156732 0.139089
0 0.277878 0.608085 0.102775 0.132237
0 0.305370 0.540254 0.118705 0.099349
0 0.744990 0.467968 0.116136 0.080850
0 0.894013 0.759164 0.121274 0.174032
0 0.568474 0.607057 0.107400 0.168551
1 0.855216 0.184652 0.077595 0.150051
1 0.937693 0.214800 0.067831 0.122645
0 0.664311 0.525865 0.049332 0.126756
