0 0.302344 0.279687 0.040625 0.105208
0 0.236328 0.047396 0.035156 0.094792
0 0.653125 0.277083 0.034375 0.100000
0 0.275000 0.466146 0.039062 0.088542
0 0.607812 0.113542 0.029687 0.095833
0 0.091797 0.323958 0.042969 0.108333
0 0.834375 0.367708 0.046875 0.120833
0 0.139844 0.813021 0.032813 0.123958
0 0.551172 0.635938 0.061719 0.173958
1 0.183325 0.278520 0.179856 0.134978
1 0.021518 0.395683 0.043037 0.222679
1 0.520940 0.297020 0.156218 0.136348
0 0.693602 0.031518 0.084275 0.043851
0 0.887847 0.380610 0.041110 0.134978
1 0.820529 0.292566 0.117163 0.164440
1 0.917395 0.339842 0.064234 0.146626
0 0.767343 0.752655 0.044707 0.169236
0 0.656089 0.922234 0.145940 0.153477
0 0.413798 0.949469 0.086845 0.101062
0 0.124743 0.731415 0.149024 0.111682
0 0.118063 0.593011 0.141829 0.117163
0 0.171506 0.504967 0.099692 0.102775
0 0.365750 0.660158 0.102775 0.087016
0 0.489594 0.597807 0.060637 0.113052
0 0.597508 0.556697 0.133607 0.063720
