2 0.295703 0.292708 0.039844 0.079167
2 0.113281 0.290625 0.032813 0.083333
2 0.291797 0.062500 0.033594 0.097917
2 0.652344 0.204167 0.031250 0.095833
2 0.785547 0.516146 0.052344 0.130208
2 0.626172 0.379167 0.035156 0.104167
2 0.842969 0.556250 0.057813 0.112500
2 0.616406 0.378646 0.015625 0.098958
1 0.039844 0.342708 0.079687 0.164583
2 0.167969 0.957292 0.073438 0.083333
2 0.209375 0.464583 0.029687 0.072917
2 0.879625 0.941590 0.086331 0.116821
1 0.901465 0.512504 0.119733 0.130182
1 0.817960 0.428914 0.152107 0.178143
1 0.504239 0.359712 0.135149 0.119219
1 0.197456 0.277150 0.167009 0.139089
2 0.738309 0.131552 0.092497 0.076739
2 0.352390 0.652278 0.081192 0.097294
2 0.375514 0.711888 0.097636 0.172662
2 0.471865 0.645427 0.143371 0.102775
2 0.214671 0.660158 0.158273 0.114423
2 0.137590 0.715313 0.002055 0.004111
2 0.396583 0.974820 0.143885 0.050360
2 0.011755 0.720110 0.023510 0.113738
2 0.033338 0.649195 0.066675 0.065091
2 0.053314 0.546420 0.103803 0.069202
2 0.115493 0.486468 0.077081 0.071257
2 0.556398 0.876328 0.099692 0.190476
