2 0.070312 0.267188 0.039062 0.103125
2 0.819141 0.216146 0.035156 0.086458
2 0.311328 0.343229 0.022656 0.078125
2 0.731641 0.385937 0.038281 0.119792
2 0.442578 0.219792 0.038281 0.100000
1 0.351172 0.170833 0.171094 0.143750
1 0.905078 0.499479 0.163281 0.165625
2 0.430078 0.217708 0.013281 0.091667
1 0.169141 0.185417 0.157031 0.152083
2 0.160457 0.372388 0.087873 0.074683
2 0.210560 0.327509 0.062693 0.076739
2 0.089286 0.455293 0.109969 0.065091
2 0.060252 0.505310 0.040596 0.122645
2 0.256038 0.521069 0.121788 0.087016
2 0.374743 0.556012 0.117677 0.073313
2 0.491650 0.578280 0.125385 0.106886
2 0.381680 0.618705 0.118191 0.167181
2 0.484198 0.848578 0.115622 0.140459
2 0.289183 0.877355 0.184995 0.085646
2 0.122688 0.764988 0.077081 0.056869
2 0.898638 0.164097 0.056526 0.065091
1 0.620118 0.327852 0.147996 0.159644
1 0.951824 0.621103 0.088900 0.171977
2 0.898895 0.616650 0.073484 0.142515
2 0.842112 0.567660 0.099692 0.148681
2 0.280704 0.156903 0.052929 0.098664
