2 0.525781 0.077604 0.029687 0.090625
2 0.147656 0.342708 0.035937 0.102083
2 0.499219 0.287500 0.034375 0.089583
2 0.391016 0.398438 0.022656 0.067708
2 0.769922 0.407292 0.033594 0.097917
2 0.027344 0.653646 0.054688 0.136458
2 0.834766 0.265104 0.030469 0.084375
1 0.247266 0.295833 0.119531 0.091667
2 0.291016 0.398438 0.028906 0.046875
2 0.158203 0.557292 0.022656 0.095833
1 0.968359 0.580729 0.061719 0.119792
2 0.594141 0.830208 0.060156 0.152083
2 0.904805 0.194245 0.069887 0.069202
2 0.977518 0.034258 0.041624 0.068517
1 0.409687 0.252484 0.161871 0.140459
2 0.328494 0.240836 0.050874 0.097979
2 0.086459 0.433368 0.032374 0.093868
2 0.240879 0.441590 0.091470 0.062350
2 0.250899 0.757109 0.110483 0.121960
2 0.413027 0.849606 0.158273 0.072628
2 0.479060 0.622473 0.093011 0.147311
2 0.450540 0.560808 0.128469 0.066461
2 0.572585 0.593696 0.112539 0.103460
2 0.365493 0.559096 0.113566 0.082220
1 0.671506 0.378554 0.120247 0.108941
2 0.884250 0.550531 0.039054 0.144570
2 0.925360 0.578623 0.056526 0.110312
1 0.925360 0.490579 0.127441 0.147996
2 0.841855 0.944844 0.087873 0.109627
