2 0.221094 0.814063 0.056250 0.128125
2 0.489844 0.412500 0.031250 0.075000
2 0.533594 0.282813 0.032813 0.098958
2 0.338672 0.265625 0.033594 0.100000
2 0.498437 0.067708 0.029687 0.093750
2 0.173437 0.406250 0.042188 0.114583
2 0.813281 0.216146 0.025000 0.082292
2 0.828516 0.346354 0.032031 0.084375
2 0.320703 0.636458 0.032031 0.120833
2 0.127734 0.532813 0.063281 0.065625
2 0.970313 0.452083 0.057813 0.120833
2 0.695703 0.601562 0.058594 0.138542
1 0.240234 0.321875 0.105469 0.143750
2 0.957812 0.041146 0.040625 0.082292
2 0.313849 0.585817 0.129496 0.049332
2 0.530447 0.572799 0.124872 0.097294
2 0.646583 0.558753 0.080678 0.085646
2 0.738823 0.546763 0.108941 0.089072
2 0.893243 0.152792 0.089928 0.061665
1 0.971416 0.393971 0.057169 0.150737
1 0.730087 0.342240 0.129496 0.095238
2 0.738309 0.851662 0.140802 0.123330
2 0.855473 0.731757 0.079137 0.120589
2 0.538669 0.812950 0.107400 0.125385
2 0.333376 0.473107 0.117163 0.087016
2 0.381937 0.429599 0.093011 0.084961
1 0.421506 0.257622 0.152621 0.126071
