0 0.529297 0.295312 0.033594 0.073958
0 0.396875 0.846354 0.043750 0.121875
0 0.212109 0.469792 0.044531 0.110417
0 0.762891 0.208854 0.027344 0.086458
0 0.464062 0.105208 0.032813 0.089583
0 0.086719 0.742188 0.050000 0.128125
0 0.336719 0.312500 0.037500 0.089583
0 0.751953 0.541667 0.044531 0.081250
0 0.808594 0.333854 0.028125 0.088542
0 0.976953 0.410938 0.036719 0.098958
1 0.706641 0.332292 0.102344 0.072917
0 0.202081 0.601233 0.085817 0.096608
0 0.840570 0.749572 0.114080 0.121960
0 0.695144 0.540939 0.052415 0.078794
0 0.611125 0.569373 0.082734 0.071257
0 0.407117 0.622816 0.126927 0.084961
0 0.387847 0.524495 0.101747 0.082905
0 0.425874 0.475505 0.087359 0.079479
0 0.522739 0.434738 0.039568 0.078794
1 0.933839 0.341555 0.088900 0.126756
0 0.935123 0.399452 0.054471 0.084961
1 0.984776 0.389860 0.030447 0.106886
0 0.831835 0.139431 0.063720 0.045906
1 0.416624 0.300103 0.152107 0.089072
1 0.238823 0.362110 0.103803 0.182939
