0 0.390625 0.597917 0.025000 0.072917
0 0.577344 0.759375 0.029687 0.066667
0 0.248047 0.622917 0.027344 0.075000
0 0.324609 0.448958 0.022656 0.070833
0 0.755859 0.602604 0.025781 0.076042
0 0.721875 0.600521 0.023438 0.076042
0 0.662109 0.265104 0.016406 0.071875
0 0.675781 0.267188 0.018750 0.069792
0 0.303906 0.259375 0.021875 0.070833
0 0.608203 0.562500 0.019531 0.039583
0 0.335156 0.946354 0.043750 0.094792
0 0.575391 0.486458 0.017969 0.062500
0 0.389453 0.571875 0.021094 0.020833
1 0.305859 0.605729 0.122656 0.080208
0 0.721875 0.572917 0.020313 0.018750
0 0.950000 0.875000 0.098437 0.245833
1 0.639062 0.758333 0.103125 0.127083
1 0.530859 0.596875 0.080469 0.058333
0 0.171094 0.739062 0.032813 0.082292
1 0.778125 0.559375 0.056250 0.114583
0 0.303516 0.823958 0.057031 0.037500
1 0.107813 0.875000 0.215625 0.250000
1 0.764062 0.785937 0.028125 0.042708
0 0.380078 0.850000 0.032031 0.068750
1 0.726172 0.736458 0.049219 0.064583
0 0.391016 0.689583 0.022656 0.054167
0 0.140625 0.656250 0.085938 0.191667
1 0.690625 0.692708 0.090625 0.085417
1 0.200781 0.666667 0.026562 0.120833
1 0.717578 0.565625 0.061719 0.097917
0 0.848828 0.730729 0.024219 0.086458
0 0.628906 0.836979 0.132812 0.173958
