0 0.399609 0.553646 0.024219 0.057292
0 0.766797 0.573438 0.025781 0.082292
0 0.256250 0.586458 0.026562 0.075000
0 0.587500 0.731250 0.029687 0.077083
0 0.335547 0.413021 0.022656 0.071875
0 0.585547 0.455208 0.019531 0.064583
0 0.731641 0.571354 0.024219 0.078125
0 0.176953 0.703125 0.033594 0.079167
0 0.844141 0.798438 0.036719 0.096875
0 0.255078 0.565625 0.025781 0.033333
0 0.315625 0.222396 0.021875 0.069792
0 0.675781 0.234375 0.017188 0.070833
0 0.389453 0.816146 0.028906 0.069792
0 0.617969 0.546354 0.023438 0.073958
0 0.400000 0.651563 0.025000 0.051042
0 0.689063 0.236979 0.018750 0.069792
0 0.615234 0.531771 0.017969 0.044792
0 0.565625 0.137500 0.006250 0.045833
1 0.631250 0.612500 0.050000 0.060417
1 0.768750 0.765104 0.037500 0.030208
1 0.312891 0.566667 0.122656 0.079167
1 0.728125 0.535417 0.062500 0.093750
0 0.634766 0.821354 0.144531 0.142708
1 0.541797 0.563021 0.082031 0.055208
1 0.700391 0.656250 0.091406 0.093750
1 0.736328 0.705729 0.049219 0.063542
1 0.652734 0.727604 0.102344 0.130208
0 0.309375 0.787500 0.056250 0.037500
1 0.784766 0.544271 0.064844 0.088542
1 0.205078 0.630208 0.035156 0.125000
0 0.611328 0.577604 0.008594 0.009375
0 0.340234 0.911979 0.042969 0.096875
0 0.769531 0.553646 0.020313 0.040625
