0 0.398828 0.561458 0.024219 0.041667
0 0.333984 0.426563 0.021094 0.071875
0 0.255469 0.598958 0.026562 0.075000
0 0.764062 0.589583 0.026562 0.079167
0 0.729688 0.589583 0.025000 0.081250
0 0.584375 0.742188 0.029687 0.067708
0 0.585156 0.471354 0.020313 0.065625
0 0.615625 0.554167 0.017188 0.056250
0 0.766797 0.566667 0.021094 0.031250
0 0.689453 0.254688 0.021094 0.069792
0 0.675391 0.251042 0.016406 0.070833
0 0.566016 0.153125 0.007031 0.045833
0 0.317188 0.236458 0.021875 0.070833
1 0.726172 0.552604 0.061719 0.096875
0 0.632812 0.829167 0.140625 0.158333
0 0.398828 0.665104 0.024219 0.051042
1 0.733594 0.722396 0.050000 0.065625
0 0.253125 0.571354 0.021875 0.021875
0 0.173828 0.711458 0.030469 0.085417
1 0.312891 0.582292 0.122656 0.081250
0 0.337891 0.924479 0.042969 0.096875
1 0.651953 0.745313 0.102344 0.132292
0 0.793359 0.641667 0.033594 0.052083
0 0.384375 0.828646 0.032813 0.069792
0 0.389062 0.813021 0.023438 0.038542
1 0.790234 0.572917 0.047656 0.066667
0 0.953906 0.873958 0.090625 0.245833
0 0.839844 0.807292 0.042188 0.114583
0 0.731641 0.566146 0.021094 0.032292
0 0.797656 0.519792 0.026562 0.039583
1 0.754687 0.775000 0.060937 0.050000
1 0.698438 0.677083 0.090625 0.087500
