0 0.383203 0.556250 0.024219 0.052083
0 0.240625 0.587500 0.028125 0.075000
0 0.158984 0.697917 0.032031 0.083333
0 0.601562 0.545833 0.020313 0.056250
0 0.321875 0.415625 0.021875 0.068750
0 0.662500 0.242708 0.017188 0.072917
0 0.571875 0.462500 0.018750 0.066667
0 0.750000 0.581250 0.026562 0.081250
0 0.239063 0.566146 0.025000 0.032292
0 0.677344 0.244271 0.017188 0.067708
1 0.298438 0.576042 0.123438 0.087500
0 0.303906 0.226562 0.021875 0.067708
0 0.566406 0.732292 0.031250 0.066667
0 0.715234 0.578646 0.022656 0.078125
1 0.775781 0.550000 0.051562 0.095833
0 0.753125 0.561979 0.020313 0.042708
0 0.383594 0.654687 0.017188 0.053125
0 0.824219 0.802604 0.040625 0.105208
1 0.758984 0.766667 0.017969 0.033333
0 0.316406 0.814063 0.090625 0.126042
0 0.135156 0.617708 0.090625 0.187500
0 0.289453 0.788021 0.057031 0.036458
