0 0.378125 0.553646 0.025000 0.057292
0 0.312891 0.911979 0.042969 0.096875
0 0.233984 0.582292 0.027344 0.077083
0 0.315234 0.410938 0.021094 0.071875
0 0.232813 0.563021 0.025000 0.038542
0 0.563281 0.732292 0.029687 0.070833
0 0.746484 0.580729 0.025781 0.080208
0 0.566797 0.458854 0.019531 0.065625
0 0.712109 0.578646 0.024219 0.080208
0 0.153125 0.695833 0.032813 0.085417
0 0.659766 0.236979 0.017969 0.071875
0 0.673828 0.241667 0.016406 0.070833
0 0.823047 0.803646 0.041406 0.107292
0 0.376563 0.651042 0.023438 0.052083
0 0.597656 0.548958 0.020313 0.070833
1 0.291797 0.566146 0.122656 0.082292
1 0.774219 0.551042 0.048438 0.089583
0 0.360938 0.815625 0.032813 0.068750
0 0.299609 0.220312 0.022656 0.069792
0 0.750000 0.561458 0.020313 0.041667
1 0.708203 0.545312 0.064844 0.090625
1 0.193359 0.604167 0.011719 0.079167
1 0.757812 0.766667 0.015625 0.033333
0 0.570312 0.729688 0.015625 0.063542
1 0.712891 0.713542 0.052344 0.066667
0 0.755078 0.577083 0.010156 0.079167
0 0.284766 0.786458 0.057031 0.039583
1 0.678516 0.654687 0.092969 0.080208
0 0.126953 0.612500 0.089844 0.191667
1 0.214844 0.778646 0.068750 0.057292
0 0.968359 0.874479 0.061719 0.246875
