0 0.222266 0.537500 0.028906 0.077083
0 0.701953 0.547917 0.025781 0.079167
0 0.657813 0.207813 0.015625 0.067708
0 0.134375 0.642708 0.031250 0.087500
0 0.307812 0.369271 0.021875 0.071875
0 0.739453 0.547396 0.024219 0.069792
0 0.561328 0.428646 0.021094 0.067708
0 0.366016 0.522396 0.024219 0.078125
0 0.671094 0.211979 0.018750 0.071875
0 0.587891 0.519271 0.022656 0.076042
0 0.053125 0.804167 0.034375 0.108333
1 0.279687 0.522917 0.123438 0.079167
0 0.546484 0.691146 0.032031 0.065625
0 0.297266 0.178646 0.021094 0.069792
1 0.509375 0.530208 0.084375 0.056250
1 0.353125 0.293750 0.053125 0.029167
0 0.112500 0.579167 0.089063 0.158333
0 0.336719 0.777083 0.035937 0.054167
1 0.730469 0.535417 0.126562 0.070833
1 0.307812 0.222917 0.215625 0.218750
0 0.800000 0.790625 0.023438 0.081250
0 0.546094 0.105208 0.012500 0.047917
1 0.700781 0.682292 0.053125 0.068750
1 0.667578 0.620313 0.091406 0.073958
0 0.114844 0.527604 0.095312 0.109375
1 0.700781 0.514583 0.065625 0.095833
0 0.361328 0.607292 0.024219 0.052083
