0 0.382031 0.551562 0.025000 0.061458
0 0.321484 0.406771 0.021094 0.073958
0 0.236328 0.576042 0.025781 0.077083
0 0.719531 0.581771 0.025000 0.080208
0 0.574219 0.461458 0.018750 0.064583
0 0.754297 0.582812 0.027344 0.082292
0 0.669531 0.239583 0.015625 0.070833
0 0.308594 0.215104 0.021875 0.071875
0 0.604297 0.548958 0.021094 0.066667
1 0.296094 0.561979 0.121875 0.080208
0 0.683594 0.243229 0.018750 0.071875
0 0.566406 0.731771 0.031250 0.073958
0 0.825391 0.805729 0.050781 0.111458
0 0.151172 0.687500 0.030469 0.081250
1 0.760938 0.768750 0.021875 0.037500
0 0.757031 0.561458 0.021875 0.041667
1 0.717187 0.540104 0.064062 0.084375
0 0.360547 0.802083 0.032031 0.060417
0 0.721094 0.563021 0.021875 0.040625
0 0.379297 0.646354 0.024219 0.053125
0 0.129297 0.602604 0.094531 0.184375
0 0.481250 0.604167 0.029687 0.054167
0 0.980078 0.748958 0.038281 0.166667
1 0.194531 0.599479 0.014063 0.084375
0 0.846875 0.716667 0.028125 0.089583
