0 0.623437 0.563021 0.021875 0.038542
0 0.403516 0.588021 0.024219 0.076042
0 0.342969 0.435937 0.021875 0.071875
0 0.257812 0.602604 0.026562 0.076042
0 0.173047 0.708333 0.032031 0.087500
0 0.403125 0.566146 0.023438 0.032292
0 0.594141 0.492188 0.017969 0.065625
0 0.585938 0.757292 0.029687 0.066667
0 0.770703 0.612500 0.027344 0.081250
0 0.688281 0.277604 0.014063 0.055208
0 0.701953 0.274479 0.019531 0.069792
0 0.380078 0.833854 0.035156 0.069792
0 0.400000 0.673958 0.023438 0.052083
0 0.737109 0.609896 0.024219 0.078125
0 0.578125 0.167708 0.012500 0.052083
0 0.386328 0.815625 0.022656 0.033333
0 0.329688 0.243229 0.023438 0.067708
0 0.618359 0.579167 0.011719 0.072917
1 0.317188 0.590104 0.121875 0.080208
1 0.786719 0.583854 0.073438 0.092708
1 0.758203 0.569271 0.016406 0.080208
1 0.546094 0.595833 0.081250 0.058333
0 0.965234 0.665625 0.055469 0.327083
0 0.256250 0.573438 0.021875 0.017708
1 0.794141 0.596354 0.035156 0.063542
1 0.660937 0.254688 0.193750 0.157292
1 0.205469 0.644271 0.035937 0.121875
1 0.737500 0.554688 0.057813 0.055208
1 0.387500 0.360938 0.050000 0.028125
1 0.733984 0.576042 0.064844 0.097917
