0 0.425391 0.586979 0.022656 0.076042
0 0.364844 0.437500 0.021875 0.072917
0 0.646484 0.560937 0.019531 0.042708
0 0.282031 0.605729 0.026562 0.078125
0 0.200000 0.715625 0.025000 0.081250
0 0.793359 0.604167 0.025781 0.079167
0 0.758594 0.601042 0.025000 0.077083
0 0.426172 0.566146 0.024219 0.032292
0 0.707031 0.264062 0.015625 0.069792
0 0.719922 0.268229 0.017969 0.069792
0 0.616406 0.486979 0.018750 0.065625
0 0.608984 0.751042 0.030469 0.066667
0 0.348828 0.247917 0.024219 0.070833
0 0.760547 0.572917 0.019531 0.018750
0 0.593750 0.163542 0.014063 0.054167
1 0.340625 0.590625 0.121875 0.077083
1 0.571094 0.593229 0.084375 0.057292
1 0.756250 0.568229 0.064062 0.098958
0 0.798047 0.573958 0.016406 0.016667
0 0.424219 0.673438 0.023438 0.051042
1 0.768750 0.550521 0.037500 0.063542
1 0.673438 0.754687 0.107813 0.132292
1 0.814453 0.578125 0.061719 0.083333
1 0.387891 0.589583 0.025781 0.072917
1 0.217969 0.626563 0.060937 0.167708
0 0.866406 0.819792 0.037500 0.108333
1 0.759375 0.733854 0.051562 0.067708
0 0.173047 0.635417 0.091406 0.183333
0 0.403906 0.832292 0.034375 0.068750
