0 0.490234 0.292708 0.042969 0.079167
0 0.833203 0.457813 0.042969 0.119792
0 0.510547 0.057292 0.036719 0.106250
0 0.877344 0.277083 0.034375 0.102083
0 0.242578 0.457292 0.036719 0.060417
0 0.307031 0.275000 0.065625 0.114583
0 0.504297 0.883854 0.136719 0.071875
1 0.164844 0.316146 0.168750 0.132292
0 0.067578 0.368229 0.044531 0.161458
1 0.826172 0.832812 0.139844 0.126042
0 0.960626 0.202805 0.067961 0.064725
0 0.620550 0.710536 0.140777 0.096368
0 0.481931 0.695074 0.098706 0.065444
0 0.339536 0.676016 0.120280 0.084862
0 0.110032 0.605538 0.096009 0.070478
0 0.181499 0.507371 0.101942 0.055376
0 0.198759 0.964761 0.094391 0.055376
0 0.685275 0.969975 0.081446 0.060050
1 0.708368 0.428162 0.153067 0.149333
1 0.385968 0.269940 0.157867 0.187022
1 0.964902 0.562918 0.067733 0.151467
0 0.971835 0.641496 0.056000 0.156444
