0 0.460156 0.306771 0.042188 0.051042
0 0.479687 0.082812 0.037500 0.105208
0 0.460547 0.339062 0.041406 0.115625
0 0.848437 0.284375 0.035937 0.095833
0 0.802344 0.475521 0.042188 0.119792
0 0.270703 0.286458 0.044531 0.091667
0 0.048438 0.426563 0.045312 0.119792
1 0.351172 0.310937 0.171094 0.121875
0 0.217188 0.492708 0.039062 0.058333
0 0.010156 0.158333 0.020313 0.154167
1 0.144922 0.335938 0.167969 0.171875
0 0.962500 0.665104 0.073438 0.182292
0 0.160938 0.538542 0.087500 0.058333
0 0.312298 0.709457 0.125135 0.084142
0 0.457929 0.724919 0.091694 0.071917
0 0.588457 0.732470 0.138080 0.097087
0 0.465210 0.901474 0.164509 0.094211
0 0.180960 0.978245 0.097627 0.043510
0 0.084682 0.639338 0.098166 0.058972
0 0.657767 0.986156 0.073894 0.027688
0 0.933118 0.210716 0.060410 0.046027
1 0.677184 0.432938 0.149407 0.120820
1 0.951456 0.541532 0.097087 0.176915
0 0.985976 0.715210 0.025890 0.110032
