2 0.693750 0.311979 0.034375 0.040625
2 0.687891 0.183854 0.030469 0.103125
2 0.309375 0.065625 0.034375 0.104167
2 0.133594 0.320312 0.040625 0.109375
2 0.926172 0.490104 0.052344 0.136458
2 0.692969 0.344792 0.035937 0.106250
2 0.337500 0.292708 0.040625 0.079167
2 0.871484 0.467708 0.053906 0.137500
2 0.532813 0.808854 0.128125 0.117708
2 0.345703 0.876563 0.099219 0.244792
2 0.266016 0.986979 0.028906 0.023958
1 0.047735 0.378641 0.093312 0.207839
1 0.561489 0.341963 0.148867 0.098526
1 0.879720 0.385832 0.107875 0.181949
1 0.969256 0.452355 0.060410 0.145271
2 0.059061 0.706580 0.104099 0.055376
2 0.100054 0.574613 0.077131 0.086300
2 0.146440 0.514204 0.054477 0.066163
2 0.311489 0.689680 0.094391 0.054657
2 0.442826 0.649766 0.073355 0.098526
2 0.566882 0.633945 0.139159 0.053937
2 0.708198 0.874506 0.058252 0.126573
2 0.571197 0.984358 0.093851 0.031284
2 0.769148 0.088098 0.063646 0.036677
2 0.995415 0.915858 0.009169 0.065444
1 0.227004 0.291538 0.177801 0.126756
