0 0.682031 0.226042 0.032813 0.104167
0 0.280078 0.131771 0.039844 0.113542
0 0.909766 0.514583 0.055469 0.135417
0 0.716406 0.410417 0.039062 0.110417
0 0.962500 0.549479 0.053125 0.098958
0 0.111719 0.423438 0.045312 0.109375
0 0.153516 0.656771 0.057031 0.071875
0 0.627734 0.941667 0.130469 0.112500
0 0.581176 0.417835 0.137540 0.100683
0 0.771845 0.126214 0.065804 0.033801
0 0.108145 0.716649 0.094391 0.107156
0 0.084412 0.869831 0.127832 0.072636
0 0.360032 0.819489 0.115965 0.066882
0 0.501079 0.766631 0.071197 0.120820
0 0.627562 0.727796 0.147249 0.067602
1 0.206580 0.393024 0.195254 0.127292
1 0.033711 0.490111 0.067422 0.248112
1 0.906149 0.427904 0.120820 0.181230
1 0.974380 0.485437 0.048004 0.161093
0 0.344168 0.389174 0.070915 0.172662
0 0.791238 0.949469 0.047276 0.101062
