2 0.246094 0.119271 0.034375 0.107292
2 0.103516 0.400000 0.042969 0.114583
2 0.323828 0.356771 0.038281 0.115625
2 0.865625 0.411979 0.046875 0.126042
2 0.915625 0.419792 0.046875 0.122917
2 0.680469 0.342187 0.034375 0.117708
2 0.621875 0.186458 0.029687 0.095833
1 0.845703 0.342708 0.083594 0.156250
2 0.772266 0.933854 0.044531 0.082292
1 0.028587 0.478605 0.057174 0.240921
1 0.552319 0.355627 0.131607 0.082704
1 0.933657 0.391586 0.078749 0.110032
2 0.690129 0.766990 0.134304 0.148867
2 0.649946 0.614887 0.125135 0.071917
2 0.536677 0.662352 0.061489 0.103560
2 0.418015 0.710536 0.110032 0.076232
2 0.142125 0.819849 0.132147 0.077670
2 0.148867 0.682848 0.130529 0.065444
2 0.192557 0.607335 0.098166 0.107156
2 0.843312 0.819489 0.045847 0.081266
2 0.698759 0.088098 0.074973 0.039554
1 0.193635 0.354549 0.179072 0.136641
