2 0.335156 0.315104 0.042188 0.128125
2 0.082812 0.415104 0.050000 0.136458
2 0.200391 0.065104 0.038281 0.119792
2 0.907422 0.304688 0.042969 0.109375
2 0.597656 0.087500 0.026562 0.097917
2 0.955859 0.285417 0.036719 0.093750
2 0.712891 0.240625 0.032031 0.108333
2 0.276562 0.915104 0.137500 0.117708
2 0.956641 0.859896 0.038281 0.132292
1 0.860572 0.207479 0.084682 0.199209
1 0.947950 0.252427 0.066343 0.117943
2 0.851942 0.701187 0.126753 0.151025
2 0.756203 0.537217 0.131607 0.071917
2 0.663161 0.609133 0.063107 0.129450
2 0.562837 0.711974 0.113808 0.117943
2 0.248921 0.631428 0.117044 0.102122
2 0.235976 0.726357 0.127832 0.165408
1 0.033981 0.953074 0.066882 0.093851
1 0.017799 0.527868 0.035598 0.310680
1 0.183118 0.334412 0.207659 0.184106
1 0.583603 0.278317 0.157497 0.107875
