0 0.855078 0.248438 0.044531 0.117708
0 0.093750 0.109375 0.035937 0.122917
0 0.616797 0.225000 0.030469 0.120833
0 0.812891 0.251042 0.041406 0.112500
0 0.474609 0.086458 0.027344 0.097917
0 0.257812 0.347396 0.040625 0.130208
0 0.018750 0.483854 0.037500 0.132292
0 0.328125 0.946354 0.120313 0.105208
1 0.491797 0.291667 0.146094 0.083333
0 0.018359 0.523438 0.036719 0.046875
1 0.106250 0.393750 0.212500 0.231250
1 0.758630 0.184826 0.081446 0.162531
1 0.843312 0.200288 0.074973 0.107156
0 0.257551 0.770946 0.107335 0.191298
0 0.241370 0.684286 0.088997 0.069759
0 0.553668 0.700827 0.126753 0.105717
0 0.636462 0.591154 0.071197 0.132327
0 0.844391 0.638619 0.092233 0.143833
0 0.720604 0.499101 0.101402 0.090615
0 0.943635 0.764473 0.056634 0.129450
0 0.793150 0.936354 0.038296 0.066163
