0 0.696094 0.293750 0.034375 0.077083
0 0.171875 0.101562 0.039062 0.128125
0 0.900000 0.385937 0.050000 0.138542
0 0.587500 0.130729 0.028125 0.107292
0 0.948828 0.388542 0.049219 0.127083
0 0.854688 0.077604 0.032813 0.155208
1 0.128906 0.405729 0.239063 0.188542
0 0.040234 0.472396 0.050781 0.117708
0 0.962500 0.556771 0.050000 0.051042
0 0.808203 0.831250 0.116406 0.162500
0 0.294498 0.385113 0.065804 0.150306
0 0.616235 0.720964 0.056634 0.137361
0 0.726807 0.660913 0.134304 0.060410
0 0.499730 0.840705 0.114887 0.120820
0 0.227616 0.981122 0.077670 0.037756
0 0.169364 0.824164 0.124056 0.132327
0 0.186624 0.719885 0.101402 0.115067
1 0.903991 0.974290 0.059331 0.051420
0 0.553668 0.348795 0.155879 0.123697
1 0.683657 0.024092 0.077131 0.035239
1 0.857066 0.301330 0.087379 0.176915
1 0.953074 0.331535 0.065804 0.146710
