0 0.631641 0.270833 0.033594 0.106250
0 0.229297 0.190625 0.041406 0.114583
0 0.072656 0.489063 0.046875 0.115625
0 0.933203 0.562500 0.052344 0.125000
0 0.677734 0.462500 0.044531 0.131250
0 0.876563 0.558333 0.056250 0.116667
0 0.295703 0.456771 0.046094 0.109375
0 0.630078 0.964583 0.132031 0.068750
1 0.872438 0.459187 0.115965 0.181949
1 0.961704 0.514204 0.070119 0.132327
1 0.541262 0.471773 0.147249 0.097807
1 0.165049 0.452355 0.184466 0.133765
0 0.139159 0.721683 0.071197 0.072636
0 0.086570 0.803668 0.139698 0.076951
0 0.075512 0.944265 0.120820 0.076232
0 0.345200 0.886012 0.121899 0.083423
0 0.483010 0.834232 0.078209 0.126573
0 0.620011 0.779576 0.154800 0.071917
0 0.789374 0.949119 0.057713 0.101762
0 0.717907 0.163251 0.074434 0.051780
1 0.015372 0.532902 0.028587 0.192736
