0 0.300000 0.317188 0.042188 0.121875
0 0.233594 0.058333 0.035937 0.114583
0 0.064844 0.345313 0.043750 0.123958
0 0.625781 0.167708 0.028125 0.102083
0 0.684766 0.338542 0.036719 0.122917
0 0.928906 0.453646 0.054688 0.128125
0 0.877344 0.443229 0.054688 0.115625
0 0.138281 0.572396 0.064062 0.061458
1 0.148438 0.318750 0.201563 0.135417
0 0.671875 0.817187 0.143750 0.134375
0 0.096009 0.647609 0.106796 0.125854
0 0.083333 0.809421 0.131068 0.068321
0 0.387271 0.728155 0.115426 0.076951
0 0.515912 0.681050 0.063107 0.102122
0 0.639968 0.638260 0.132147 0.058252
0 0.754585 0.975728 0.087379 0.048544
0 0.838727 0.883136 0.033441 0.051780
0 0.723571 0.070478 0.058792 0.048903
1 0.010518 0.360662 0.021036 0.137361
1 0.545577 0.343402 0.150485 0.101402
1 0.860032 0.361021 0.113808 0.166846
1 0.947681 0.412801 0.081985 0.109313
