0 0.490234 0.292708 0.042969 0.079167
0 0.833203 0.457813 0.042969 0.119792
0 0.510547 0.057292 0.036719 0.106250
0 0.877344 0.277083 0.034375 0.102083
0 0.242578 0.457292 0.036719 0.060417
0 0.293359 0.283854 0.035156 0.067708
0 0.310156 0.318229 0.070312 0.136458
1 0.425781 0.296875 0.101562 0.093750
0 0.307031 0.275000 0.065625 0.114583
0 0.969922 0.610938 0.058594 0.207292
0 0.504297 0.883854 0.136719 0.071875
1 0.164844 0.316146 0.168750 0.132292
0 0.803516 0.535417 0.021094 0.070833
1 0.319141 0.261979 0.235156 0.142708
1 0.220703 0.271354 0.066406 0.121875
0 0.067578 0.368229 0.044531 0.161458
1 0.826172 0.832812 0.139844 0.126042
1 0.377344 0.295312 0.118750 0.090625
