0 0.460156 0.306771 0.042188 0.051042
0 0.479687 0.082812 0.037500 0.105208
0 0.460547 0.339062 0.041406 0.115625
0 0.848437 0.284375 0.035937 0.095833
0 0.802344 0.475521 0.042188 0.119792
0 0.270703 0.286458 0.044531 0.091667
0 0.048438 0.426563 0.045312 0.119792
1 0.351172 0.310937 0.171094 0.121875
0 0.217188 0.492708 0.039062 0.058333
1 0.207813 0.301042 0.040625 0.102083
0 0.771484 0.537500 0.021094 0.043750
0 0.010156 0.158333 0.020313 0.154167
0 0.290625 0.367188 0.056250 0.103125
1 0.144922 0.335938 0.167969 0.171875
0 0.962500 0.665104 0.073438 0.182292
0 0.796875 0.565625 0.026562 0.081250
0 0.576562 0.480208 0.028125 0.091667
0 0.160938 0.538542 0.087500 0.058333
0 0.448047 0.425000 0.061719 0.112500
