0 0.693750 0.311979 0.034375 0.040625
0 0.687891 0.183854 0.030469 0.103125
0 0.309375 0.065625 0.034375 0.104167
0 0.133594 0.320312 0.040625 0.109375
0 0.926172 0.490104 0.052344 0.136458
0 0.692969 0.344792 0.035937 0.106250
0 0.337500 0.292708 0.040625 0.079167
0 0.871484 0.467708 0.053906 0.137500
0 0.962109 0.613021 0.049219 0.094792
0 0.532813 0.808854 0.128125 0.117708
0 0.863281 0.518750 0.037500 0.037500
0 0.920703 0.528646 0.041406 0.057292
0 0.969922 0.573958 0.017969 0.016667
0 0.345703 0.876563 0.099219 0.244792
0 0.266016 0.986979 0.028906 0.023958
