0 0.681641 0.307812 0.032031 0.048958
0 0.246094 0.119271 0.034375 0.107292
0 0.103516 0.400000 0.042969 0.114583
0 0.962891 0.518229 0.047656 0.086458
0 0.323828 0.356771 0.038281 0.115625
0 0.865625 0.411979 0.046875 0.126042
0 0.915625 0.419792 0.046875 0.122917
0 0.680469 0.342187 0.034375 0.117708
0 0.621875 0.186458 0.029687 0.095833
0 0.321875 0.316146 0.034375 0.032292
1 0.237500 0.360938 0.100000 0.121875
0 0.550000 0.873958 0.148438 0.247917
0 0.686719 0.874479 0.248438 0.246875
1 0.845703 0.342708 0.083594 0.156250
0 0.772266 0.933854 0.044531 0.082292
