0 0.335156 0.315104 0.042188 0.128125
0 0.082812 0.415104 0.050000 0.136458
0 0.200391 0.065104 0.038281 0.119792
0 0.907422 0.304688 0.042969 0.109375
0 0.597656 0.087500 0.026562 0.097917
0 0.955859 0.285417 0.036719 0.093750
0 0.712891 0.240625 0.032031 0.108333
1 0.607812 0.288021 0.090625 0.076042
0 0.864844 0.874479 0.228125 0.248958
1 0.157422 0.359375 0.183594 0.191667
0 0.705859 0.301563 0.028906 0.032292
1 0.237500 0.334375 0.100000 0.150000
0 0.276562 0.915104 0.137500 0.117708
1 0.968359 0.154688 0.061719 0.198958
1 0.567187 0.287500 0.114062 0.075000
0 0.956641 0.859896 0.038281 0.132292
1 0.941406 0.286979 0.007812 0.040625
0 0.831641 0.667188 0.163281 0.313542
