0 0.855078 0.248438 0.044531 0.117708
0 0.093750 0.109375 0.035937 0.122917
0 0.616797 0.225000 0.030469 0.120833
0 0.812891 0.251042 0.041406 0.112500
0 0.474609 0.086458 0.027344 0.097917
0 0.801953 0.253125 0.019531 0.106250
0 0.917969 0.308854 0.037500 0.046875
0 0.257812 0.347396 0.040625 0.130208
0 0.018750 0.483854 0.037500 0.132292
0 0.849609 0.278125 0.033594 0.056250
0 0.328125 0.946354 0.120313 0.105208
1 0.491797 0.291667 0.146094 0.083333
0 0.018359 0.523438 0.036719 0.046875
1 0.106250 0.393750 0.212500 0.231250
0 0.812500 0.278125 0.040625 0.056250
0 0.857422 0.858854 0.210156 0.217708
0 0.223047 0.733333 0.052344 0.193750
0 0.500000 0.665625 0.248438 0.329167
0 0.576172 0.910937 0.096094 0.176042
0 0.873047 0.674479 0.241406 0.313542
0 0.243359 0.354167 0.011719 0.141667
0 0.238672 0.790625 0.021094 0.083333
