0 0.696094 0.293750 0.034375 0.077083
0 0.171875 0.101562 0.039062 0.128125
0 0.900000 0.385937 0.050000 0.138542
0 0.587500 0.130729 0.028125 0.107292
0 0.948828 0.388542 0.049219 0.127083
0 0.854688 0.077604 0.032813 0.155208
1 0.128906 0.405729 0.239063 0.188542
0 0.778516 0.861458 0.066406 0.118750
0 0.040234 0.472396 0.050781 0.117708
0 0.828125 0.809375 0.068750 0.045833
0 0.962500 0.556771 0.050000 0.051042
0 0.808203 0.831250 0.116406 0.162500
0 0.313672 0.543750 0.196094 0.077083
0 0.257422 0.984375 0.019531 0.029167
