0 0.631641 0.270833 0.033594 0.106250
0 0.973828 0.675000 0.050781 0.095833
0 0.229297 0.190625 0.041406 0.114583
0 0.072656 0.489063 0.046875 0.115625
0 0.933203 0.562500 0.052344 0.125000
0 0.677734 0.462500 0.044531 0.131250
0 0.876563 0.558333 0.056250 0.116667
0 0.295703 0.456771 0.046094 0.109375
0 0.460156 0.547917 0.053125 0.068750
0 0.948047 0.535937 0.021094 0.086458
0 0.076563 0.523958 0.042188 0.047917
1 0.226953 0.457813 0.078906 0.128125
1 0.224609 0.510938 0.049219 0.021875
0 0.312109 0.493229 0.078906 0.178125
1 0.731641 0.556771 0.113281 0.098958
0 0.416406 0.761979 0.082812 0.140625
0 0.015625 0.551042 0.031250 0.102083
1 0.151953 0.458333 0.196094 0.131250
0 0.844922 0.766667 0.130469 0.131250
0 0.619531 0.293229 0.009375 0.086458
0 0.630078 0.964583 0.132031 0.068750
0 0.417969 0.868750 0.085938 0.237500
1 0.184375 0.510417 0.128125 0.020833
