0 0.300000 0.317188 0.042188 0.121875
0 0.233594 0.058333 0.035937 0.114583
0 0.973828 0.549479 0.049219 0.065625
0 0.685937 0.305208 0.035937 0.054167
0 0.064844 0.345313 0.043750 0.123958
0 0.625781 0.167708 0.028125 0.102083
0 0.684766 0.338542 0.036719 0.122917
0 0.928906 0.453646 0.054688 0.128125
0 0.877344 0.443229 0.054688 0.115625
0 0.946875 0.058854 0.018750 0.117708
0 0.138281 0.572396 0.064062 0.061458
0 0.008594 0.373437 0.017188 0.111458
1 0.224609 0.315104 0.074219 0.128125
0 0.946875 0.425000 0.018750 0.070833
0 0.495703 0.911458 0.096094 0.170833
1 0.148438 0.318750 0.201563 0.135417
0 0.617578 0.166667 0.013281 0.081250
0 0.671875 0.817187 0.143750 0.134375
0 0.680078 0.801562 0.116406 0.061458
0 0.003125 0.325000 0.006250 0.014583
