0 0.846484 0.069792 0.032031 0.085417
0 0.791406 0.214583 0.037500 0.106250
0 0.303906 0.037500 0.032813 0.075000
1 0.375781 0.047917 0.121875 0.095833
0 0.482422 0.070833 0.038281 0.104167
0 0.970313 0.442188 0.059375 0.130208
1 0.178125 0.066667 0.142187 0.133333
0 0.963281 0.556771 0.051562 0.051042
0 0.093359 0.140104 0.038281 0.111458
1 0.227344 0.053646 0.079687 0.107292
0 0.916797 0.842187 0.089844 0.184375
1 0.423438 0.048438 0.096875 0.096875
0 0.785937 0.975000 0.051562 0.047917
0 0.247266 0.184896 0.022656 0.036458
1 0.968359 0.335417 0.061719 0.162500
0 0.177344 0.376042 0.145313 0.243750
0 0.161328 0.606250 0.175781 0.210417
0 0.604297 0.621354 0.039844 0.236458
0 0.157031 0.296354 0.150000 0.092708
0 0.498828 0.413542 0.246094 0.325000
