0 0.250391 0.085938 0.038281 0.107292
0 0.980859 0.792188 0.038281 0.084375
1 0.418359 0.040104 0.086719 0.080208
0 0.240625 0.085938 0.017188 0.105208
1 0.362109 0.050000 0.149219 0.100000
0 0.283984 0.796354 0.150781 0.092708
0 0.645703 0.158854 0.042969 0.113542
0 0.893359 0.442188 0.057031 0.119792
1 0.543750 0.089583 0.160938 0.177083
0 0.676172 0.307292 0.044531 0.050000
0 0.951172 0.925000 0.027344 0.102083
0 0.015234 0.310417 0.030469 0.043750
0 0.521875 0.820312 0.134375 0.140625
0 0.061719 0.094792 0.117188 0.189583
0 0.487109 0.086458 0.052344 0.156250
1 0.608594 0.092708 0.092188 0.164583
0 0.500391 0.666667 0.247656 0.329167
0 0.938672 0.755208 0.021094 0.010417
