0 0.958594 0.318229 0.042188 0.111458
0 0.223828 0.062500 0.038281 0.125000
0 0.378125 0.329167 0.040625 0.122917
1 0.621875 0.293229 0.118750 0.086458
0 0.608594 0.084896 0.029687 0.092708
0 0.734766 0.257292 0.033594 0.114583
0 0.917969 0.314063 0.051562 0.111458
0 0.051172 0.808333 0.071094 0.116667
0 0.120703 0.430208 0.050781 0.122917
0 0.386719 0.300521 0.023438 0.063542
1 0.172656 0.362500 0.153125 0.189583
1 0.258203 0.345833 0.141406 0.181250
0 0.306250 0.079167 0.017188 0.050000
0 0.967969 0.901042 0.059375 0.189583
0 0.419922 0.648438 0.089844 0.290625
0 0.685937 0.874479 0.234375 0.248958
